Number of nodes 384
     0 : -4.5361714e+06  3.1250190e+06  1.0000000e+02
     1 : -4.6973666e+06  2.9557234e+06  6.6261444e+03
     2 : -4.4379649e+06  2.9989263e+06  4.0963962e+02
     3 : -4.4732334e+06  2.8299664e+06  1.0000000e+02
     4 : -4.4929988e+06  2.8769574e+06  1.3469567e+02
     5 : -4.6242281e+06  2.7554733e+06  4.3939774e+03
     6 : -4.8614618e+06  4.5267899e+06  1.0000000e+02
     7 : -4.9467270e+06  4.5359915e+06  4.0874923e+02
     8 : -4.9803565e+06  4.3679982e+06  2.7829887e+02
     9 : -4.6562935e+06  4.4224697e+06  1.0000000e+02
    10 : -4.5174653e+06  4.3901854e+06  1.8321873e+03
    11 : -4.4748210e+06  4.5705798e+06  4.7042718e+02
    12 : -3.8523885e+06  3.6952751e+06  1.0000000e+02
    13 : -4.0369689e+06  3.8050243e+06  3.5566599e+03
    14 : -4.0112891e+06  3.6151833e+06  2.4124398e+03
    15 : -4.1225468e+06  3.6411162e+06  3.1909861e+03
    16 : -4.3729088e+06  2.2983472e+06  2.1618323e+03
    17 : -4.4232705e+06  2.3569217e+06  7.8350854e+02
    18 : -4.4365975e+06  2.3014179e+06  8.4386317e+02
    19 : -5.2387358e+06  4.4674595e+06  9.5499507e+02
    20 : -5.2475409e+06  4.3157208e+06  1.8080161e+03
    21 : -5.1515754e+06  4.3349109e+06  1.4404816e+03
    22 : -4.7120763e+06  3.1025915e+06  5.6996099e+03
    23 : -4.8127471e+06  3.2022480e+06  5.1963419e+03
    24 : -4.8326671e+06  3.0591234e+06  5.1851246e+03
    25 : -4.2000750e+06  4.2079077e+06  1.4753164e+03
    26 : -4.3809517e+06  4.3196204e+06  2.9498510e+03
    27 : -4.4165083e+06  4.1293020e+06  2.4505031e+03
    28 : -4.3972706e+06  3.9217389e+06  2.9348778e+03
    29 : -4.2108733e+06  3.9948829e+06  3.3467693e+03
    30 : -3.5547894e+06  2.9315937e+06  1.0000000e+02
    31 : -3.6841259e+06  3.0900622e+06  1.0000000e+02
    32 : -3.7914981e+06  2.9158576e+06  1.0000000e+02
    33 : -4.9825575e+06  3.7031151e+06  3.6055802e+03
    34 : -4.9496806e+06  3.7448223e+06  1.5289650e+03
    35 : -5.0018404e+06  3.7503199e+06  2.9783472e+03
    36 : -4.4608503e+06  3.6929472e+06  1.0000000e+02
    37 : -4.3816668e+06  3.7446717e+06  1.7652635e+03
    38 : -4.5370316e+06  3.8130154e+06  1.0000000e+02
    39 : -6.2321070e+06  4.2617041e+06  5.8058588e+03
    40 : -6.2954706e+06  4.6420832e+06  6.5634299e+03
    41 : -6.5098144e+06  4.4341091e+06  5.2079379e+03
    42 : -4.6618648e+06  3.5955882e+06  8.0817664e+02
    43 : -4.7107515e+06  3.6354602e+06  5.2114775e+02
    44 : -4.7398413e+06  3.5852464e+06  1.1860916e+03
    45 : -5.2287010e+06  3.9131306e+06  6.1480216e+03
    46 : -5.3703966e+06  3.8911257e+06  5.7030478e+03
    47 : -5.1437163e+06  3.8228152e+06  7.0027209e+03
    48 : -4.3298738e+06  4.4823735e+06  7.8402071e+02
    49 : -4.3063525e+06  4.6967590e+06  9.0209831e+02
    50 : -5.1422096e+06  5.3956653e+06  2.6254442e+03
    51 : -5.2475377e+06  5.4479009e+06  3.3685055e+03
    52 : -5.3051194e+06  5.3407990e+06  4.7588031e+03
    53 : -4.4569831e+06  2.2488479e+06  2.2196267e+03
    54 : -4.5045375e+06  2.2414535e+06  3.1486670e+03
    55 : -4.4834926e+06  2.1917584e+06  2.3749774e+03
    56 : -5.4360643e+06  4.2113508e+06  8.3489202e+03
    57 : -5.2916789e+06  4.2494522e+06  4.9919982e+03
    58 : -5.3192193e+06  4.3215975e+06  2.3345746e+03
    59 : -4.1390386e+06  2.7579157e+06  3.2712559e+03
    60 : -4.1132461e+06  2.5874736e+06  1.6482180e+03
    61 : -4.0554491e+06  2.7571133e+06  1.9012058e+03
    62 : -4.7633815e+06  3.7513272e+06  1.0000000e+02
    63 : -4.8459006e+06  3.7651990e+06  5.5299415e+02
    64 : -4.8191789e+06  3.7095937e+06  9.9100949e+02
    65 : -4.8300557e+06  3.6463842e+06  1.7850414e+03
    66 : -4.8959887e+06  3.6461185e+06  2.3399237e+03
    67 : -4.8587505e+06  3.5964996e+06  2.9247640e+03
    68 : -5.1037356e+06  4.0622863e+06  2.1967093e+03
    69 : -5.1557253e+06  4.0592819e+06  2.1362883e+03
    70 : -5.1282149e+06  4.0061831e+06  3.1885772e+03
    71 : -4.5045538e+06  3.3395370e+06  1.0000000e+02
    72 : -4.6095525e+06  3.3561370e+06  1.0937112e+03
    73 : -4.6103844e+06  3.2731980e+06  1.7697841e+03
    74 : -3.9589907e+06  3.5016682e+06  1.9960811e+03
    75 : -4.0839650e+06  3.5178021e+06  1.6598950e+03
    76 : -5.8033202e+06  4.9522373e+06  3.6457287e+03
    77 : -5.6244189e+06  5.0374151e+06  4.2554837e+03
    78 : -5.8095640e+06  5.1831513e+06  4.9524242e+03
    79 : -4.8558142e+06  3.8268046e+06  1.7585487e+02
    80 : -4.9112231e+06  3.7836150e+06  1.0283039e+03
    81 : -3.7630754e+06  4.0787806e+06  1.0000000e+02
    82 : -3.9889473e+06  4.2694072e+06  3.3821547e+03
    83 : -3.9890382e+06  4.0598169e+06  3.5118175e+03
    84 : -4.7946495e+06  3.8102183e+06  1.0000000e+02
    85 : -4.9250619e+06  3.5837028e+06  6.0231454e+03
    86 : -5.0673131e+06  3.5012212e+06  5.3392706e+03
    87 : -4.8552231e+06  3.4756647e+06  6.9809046e+03
    88 : -5.0556761e+06  4.6260534e+06  3.9076112e+03
    89 : -5.2776911e+06  4.7497063e+06  3.8734636e+03
    90 : -5.3847780e+06  5.4348209e+06  3.0592617e+03
    91 : -5.3511753e+06  5.5750478e+06  4.6324458e+03
    92 : -5.1861593e+06  3.9695554e+06  5.5260242e+03
    93 : -5.1363690e+06  3.9385429e+06  5.9437724e+03
    94 : -5.3854550e+06  4.5433154e+06  1.3677824e+03
    95 : -4.8403256e+06  3.9226954e+06  1.0000000e+02
    96 : -4.9209484e+06  3.8975877e+06  2.3896630e+02
    97 : -4.8670821e+06  3.8659624e+06  1.3123881e+02
    98 : -6.0619226e+06  2.8025700e+06  5.7312786e+03
    99 : -5.6321647e+06  2.8646106e+06  5.7702603e+03
   100 : -5.8504423e+06  3.2416819e+06  5.9914830e+03
   101 : -4.3237944e+06  2.4192173e+06  3.3643212e+03
   102 : -4.4432371e+06  2.4649061e+06  8.2693498e+02
   103 : -4.4341305e+06  2.4094913e+06  2.6842178e+03
   104 : -5.1860427e+06  4.1012622e+06  4.4166736e+03
   105 : -5.1720305e+06  4.1528314e+06  2.8361065e+03
   106 : -5.2770456e+06  4.1324428e+06  8.6910836e+03
   107 : -4.5131978e+06  4.2604878e+06  7.9013838e+02
   108 : -5.0831308e+06  4.2258522e+06  1.0000000e+02
   109 : -5.1404497e+06  4.2018381e+06  1.3995201e+03
   110 : -5.1039495e+06  4.1584047e+06  1.7149039e+02
   111 : -4.9203370e+06  3.8331516e+06  6.1715953e+02
   112 : -4.7128307e+06  3.5282965e+06  1.5712990e+03
   113 : -5.8841197e+06  4.7667242e+06  3.6104139e+03
   114 : -6.0403009e+06  4.8347241e+06  4.0817820e+03
   115 : -6.0086932e+06  4.6758532e+06  2.0598810e+03
   116 : -4.1711217e+06  4.5772017e+06  2.7438834e+03
   117 : -5.4468520e+06  4.8983036e+06  4.0411328e+03
   118 : -5.6635644e+06  4.8161652e+06  2.4044642e+03
   119 : -4.9889881e+06  3.8959198e+06  9.2473197e+02
   120 : -4.9725842e+06  3.8448764e+06  9.0473269e+02
   121 : -6.2325348e+06  3.8341642e+06  6.1486328e+03
   122 : -6.4433545e+06  4.1155116e+06  5.5945128e+03
   123 : -6.6049313e+06  3.9575619e+06  5.8836294e+03
   124 : -4.6068368e+06  3.6485069e+06  1.0000000e+02
   125 : -4.5874015e+06  3.5747412e+06  8.9475520e+02
   126 : -5.0268842e+06  4.1169536e+06  1.0000000e+02
   127 : -5.0474375e+06  4.0688149e+06  6.1683245e+02
   128 : -4.9711973e+06  4.0769829e+06  1.0000000e+02
   129 : -4.9624128e+06  3.9530659e+06  2.4162808e+02
   130 : -5.0199303e+06  3.9424831e+06  1.7584434e+03
   131 : -4.8674753e+06  3.7013034e+06  1.3558510e+03
   132 : -4.9231415e+06  3.6975487e+06  2.0143358e+03
   133 : -4.8020704e+06  3.5861484e+06  2.0649355e+03
   134 : -4.8961822e+06  3.9628833e+06  1.0000000e+02
   135 : -4.4934215e+06  4.7824619e+06  1.0000000e+02
   136 : -4.3018387e+06  4.9081405e+06  3.5240464e+02
   137 : -4.4385317e+06  5.0058555e+06  1.0000000e+02
   138 : -4.6346611e+06  3.4162936e+06  2.1168279e+03
   139 : -4.5640052e+06  3.4401228e+06  1.9235498e+02
   140 : -5.1350495e+06  4.2544149e+06  2.1744090e+03
   141 : -4.7781780e+06  3.5328241e+06  1.7174024e+03
   142 : -5.0709880e+06  4.0187849e+06  1.7635421e+03
   143 : -4.4865728e+06  2.2888743e+06  2.3661618e+03
   144 : -4.6411027e+06  3.5203585e+06  1.6428988e+03
   145 : -4.4042572e+06  2.2535107e+06  5.0110045e+02
   146 : -5.0464669e+06  3.8868588e+06  2.9919332e+03
   147 : -5.0774428e+06  3.9272787e+06  3.0426872e+03
   148 : -5.1308696e+06  4.1073014e+06  1.1161269e+03
   149 : -5.3996729e+06  4.3970012e+06  2.4780259e+03
   150 : -4.9078478e+06  2.9610204e+06  5.3431817e+03
   151 : -4.6873927e+06  4.0073081e+06  1.0000000e+02
   152 : -4.5848659e+06  4.1596937e+06  1.8320713e+03
   153 : -4.7178775e+06  4.1671056e+06  1.0000000e+02
   154 : -3.9766298e+06  2.7250047e+06  7.0161329e+02
   155 : -5.0061393e+06  5.0953815e+06  4.3375105e+03
   156 : -5.1813761e+06  5.2091172e+06  4.6690879e+03
   157 : -5.2289050e+06  4.9900168e+06  4.6335629e+03
   158 : -3.8594099e+06  3.9038397e+06  1.0000000e+02
   159 : -4.8479387e+06  4.9536670e+06  1.2515815e+03
   160 : -4.7815823e+06  5.1201459e+06  7.2062559e+02
   161 : -3.8179055e+06  4.3346406e+06  3.3485283e+03
   162 : -4.2968740e+06  3.6297190e+06  1.0000000e+02
   163 : -4.3085762e+06  3.6957237e+06  1.2891072e+03
   164 : -4.3657803e+06  3.6511049e+06  1.0890333e+02
   165 : -4.6892258e+06  3.4778910e+06  1.9447176e+03
   166 : -4.6355200e+06  3.4674895e+06  1.9995533e+03
   167 : -5.4822697e+06  3.1511235e+06  5.8603071e+03
   168 : -4.4194347e+06  2.2057316e+06  2.2779889e+03
   169 : -4.4168423e+06  2.1343918e+06  1.6095248e+03
   170 : -5.0240958e+06  3.7952678e+06  3.3876782e+03
   171 : -4.9672725e+06  3.7930049e+06  1.3303522e+03
   172 : -4.9076640e+06  2.5266638e+06  5.1566032e+03
   173 : -4.8177005e+06  2.3792477e+06  5.2645616e+03
   174 : -4.7429824e+06  2.4655944e+06  6.0376017e+03
   175 : -4.6933998e+06  3.4334062e+06  3.0271247e+03
   176 : -5.7718176e+06  4.3952669e+06  6.5734690e+03
   177 : -5.9726105e+06  4.3168901e+06  5.8218146e+03
   178 : -5.7111453e+06  4.1815749e+06  5.9079404e+03
   179 : -4.7668480e+06  3.6379284e+06  1.0044091e+03
   180 : -4.4479456e+06  2.7237828e+06  3.4100437e+02
   181 : -4.3433940e+06  2.6092615e+06  3.3160449e+03
   182 : -4.3746251e+06  2.7551051e+06  3.0078778e+03
   183 : -4.5444405e+06  3.6257622e+06  1.0000000e+02
   184 : -5.5461568e+06  5.2990641e+06  4.8443621e+03
   185 : -4.4890225e+06  2.3784922e+06  2.4671143e+03
   186 : -5.4942664e+06  4.6755942e+06  1.7340200e+03
   187 : -5.0282107e+06  3.8462383e+06  2.6161776e+03
   188 : -5.0132646e+06  4.0249209e+06  7.1693053e+02
   189 : -4.9370118e+06  4.0170452e+06  1.0000000e+02
   190 : -4.3472494e+06  2.2031618e+06  7.7822264e+02
   191 : -6.2722444e+06  3.1962179e+06  5.3992245e+03
   192 : -4.8359244e+06  5.5340018e+06  1.6586979e+03
   193 : -5.0052248e+06  5.5001403e+06  5.0692198e+03
   194 : -4.8349989e+06  5.3861113e+06  1.9245601e+03
   195 : -4.5591804e+06  3.9988766e+06  4.3848921e+02
   196 : -4.6412519e+06  3.9114051e+06  1.0000000e+02
   197 : -4.4718914e+06  2.3326418e+06  1.4779130e+03
   198 : -4.6729587e+06  3.2191379e+06  4.5148198e+03
   199 : -5.5552687e+06  5.4974328e+06  3.1559643e+03
   200 : -5.7199150e+06  5.4402763e+06  5.2796267e+03
   201 : -4.8674242e+06  2.7648603e+06  4.9762265e+03
   202 : -4.7779035e+06  3.3598385e+06  5.8599460e+03
   203 : -4.6760303e+06  3.3740298e+06  3.5673814e+03
   204 : -4.9477776e+06  3.6568969e+06  3.1758274e+03
   205 : -5.1009105e+06  2.6884859e+06  5.2757281e+03
   206 : -5.3026309e+06  2.8992367e+06  5.5186016e+03
   207 : -5.4002809e+06  2.6061983e+06  5.5644655e+03
   208 : -5.2764975e+06  3.3521615e+06  5.6643084e+03
   209 : -4.9832376e+06  3.2944393e+06  5.2051206e+03
   210 : -4.8920310e+06  4.6985560e+06  1.0000000e+02
   211 : -4.8546105e+06  4.8119575e+06  4.8857585e+02
   212 : -5.0347492e+06  4.8728336e+06  4.5212806e+03
   213 : -4.0852528e+06  3.2528251e+06  1.0000000e+02
   214 : -3.9056569e+06  3.1424672e+06  1.0631950e+03
   215 : -3.9396921e+06  3.3381616e+06  1.4660089e+03
   216 : -5.3021232e+06  3.6188026e+06  5.5789479e+03
   217 : -4.3761063e+06  3.5021585e+06  1.0000000e+02
   218 : -4.4786704e+06  3.5079674e+06  9.5661551e+02
   219 : -4.7802572e+06  2.2431468e+06  4.9412964e+03
   220 : -4.9627637e+06  2.2908915e+06  5.4646625e+03
   221 : -4.8569012e+06  2.0789153e+06  4.8326259e+03
   222 : -4.1118971e+06  3.1290339e+06  1.0000000e+02
   223 : -4.4436814e+06  2.8018292e+06  1.0000000e+02
   224 : -4.4265213e+06  2.8297856e+06  1.4926981e+03
   225 : -4.8361292e+06  3.5518895e+06  3.3213276e+03
   226 : -6.0340368e+06  5.1131960e+06  3.8394238e+03
   227 : -6.1943094e+06  5.1450986e+06  2.8019513e+03
   228 : -6.1147716e+06  5.0306340e+06  3.1239684e+03
   229 : -4.9978461e+06  3.9885167e+06  5.6390618e+02
   230 : -3.8726266e+06  2.6086727e+06  6.3985812e+02
   231 : -3.9644771e+06  2.4434675e+06  1.0509893e+03
   232 : -4.9285773e+06  5.6621079e+06  3.4370011e+03
   233 : -4.8306382e+06  5.8599682e+06  1.0000000e+02
   234 : -5.1901018e+06  5.7900661e+06  5.4019124e+03
   235 : -4.7991967e+06  3.8727771e+06  1.0000000e+02
   236 : -4.7209524e+06  2.5989996e+06  6.9496405e+03
   237 : -3.8328426e+06  4.5067538e+06  2.5806215e+03
   238 : -3.9888879e+06  4.6387106e+06  2.9864963e+03
   239 : -4.0188725e+06  4.4361251e+06  3.0243096e+03
   240 : -5.0580088e+06  4.1628445e+06  1.0000000e+02
   241 : -6.6823276e+06  3.1328127e+06  5.6197772e+03
   242 : -6.5126495e+06  3.5529562e+06  5.9729627e+03
   243 : -6.9105940e+06  3.6637615e+06  5.9182909e+03
   244 : -5.0792623e+06  4.1125431e+06  1.0000000e+02
   245 : -5.5450373e+06  3.9973499e+06  5.6678434e+03
   246 : -5.1872254e+06  4.0155294e+06  6.4401717e+03
   247 : -5.2736611e+06  3.9958094e+06  5.8294768e+03
   248 : -4.2819015e+06  3.5615319e+06  1.0000000e+02
   249 : -4.2388010e+06  3.6565694e+06  2.9677294e+03
   250 : -4.2980773e+06  5.0852887e+06  1.0000000e+02
   251 : -4.4483157e+06  5.1556492e+06  1.0000000e+02
   252 : -4.6794322e+06  1.9452380e+06  4.7678631e+03
   253 : -4.5419195e+06  2.1086885e+06  7.2384874e+03
   254 : -4.6712329e+06  2.1364972e+06  4.9571837e+03
   255 : -4.6097929e+06  2.2739422e+06  7.7336532e+03
   256 : -5.0876973e+06  3.9746845e+06  2.8504337e+03
   257 : -4.0082918e+06  3.0043966e+06  1.0000000e+02
   258 : -6.1542559e+06  3.4717547e+06  5.9469857e+03
   259 : -5.6873208e+06  4.5856016e+06  3.4311136e+03
   260 : -4.5598633e+06  2.2015532e+06  6.0764654e+03
   261 : -4.5326808e+06  2.2672074e+06  3.5732748e+03
   262 : -5.0427818e+06  3.9803088e+06  2.0434416e+03
   263 : -5.0131888e+06  5.3075377e+06  4.5113761e+03
   264 : -4.8797553e+06  5.2370433e+06  3.6228298e+03
   265 : -5.3911188e+06  5.1239800e+06  4.5287635e+03
   266 : -5.0052854e+06  3.6379643e+06  7.3171374e+03
   267 : -5.0800788e+06  3.6963335e+06  6.6715980e+03
   268 : -5.1380828e+06  5.6103163e+06  2.9895516e+03
   269 : -5.1719947e+06  5.4948325e+06  4.1049968e+03
   270 : -4.6547805e+06  4.6209948e+06  1.0000000e+02
   271 : -6.1204143e+06  4.9276301e+06  2.3713683e+03
   272 : -6.2311152e+06  4.8865359e+06  3.3200163e+03
   273 : -6.1288863e+06  4.7616654e+06  2.7382715e+02
   274 : -4.6720695e+06  3.6648044e+06  1.0000000e+02
   275 : -3.9839726e+06  2.8407956e+06  1.6510442e+02
   276 : -4.0948087e+06  2.8712926e+06  2.5450217e+03
   277 : -3.8548501e+06  2.8380859e+06  1.0000000e+02
   278 : -3.6898896e+06  2.7063344e+06  1.0000000e+02
   279 : -3.7505709e+06  3.2869107e+06  1.0000000e+02
   280 : -4.7467492e+06  3.4679319e+06  3.7491530e+03
   281 : -3.8174700e+06  3.4859501e+06  1.0000000e+02
   282 : -5.9683219e+06  4.0027965e+06  6.2803865e+03
   283 : -4.8993623e+06  3.7416260e+06  1.3070479e+03
   284 : -5.5031517e+06  4.5054380e+06  2.6106846e+03
   285 : -4.1235750e+06  2.3792222e+06  1.3448249e+03
   286 : -4.7329100e+06  3.6940128e+06  1.0000000e+02
   287 : -4.0722487e+06  3.3903619e+06  1.5979323e+02
   288 : -5.1798898e+06  3.1039740e+06  5.5952981e+03
   289 : -4.7880506e+06  3.6895693e+06  8.8324213e+02
   290 : -4.1984179e+06  4.3666623e+06  1.8902018e+03
   291 : -4.1720188e+06  3.5610902e+06  2.6407201e+03
   292 : -7.1170639e+06  4.3740946e+06  4.7394406e+03
   293 : -6.8971961e+06  4.3751321e+06  5.8162644e+03
   294 : -7.1183849e+06  4.5040896e+06  5.8392825e+03
   295 : -5.7555501e+06  2.4815650e+06  5.7674478e+03
   296 : -4.7770759e+06  5.2541784e+06  2.0097352e+03
   297 : -5.5533655e+06  3.4550609e+06  5.7526463e+03
   298 : -6.8560541e+06  4.0617294e+06  5.9767902e+03
   299 : -4.2514770e+06  2.8906323e+06  3.2555329e+03
   300 : -5.9329335e+06  4.9710120e+06  3.5849163e+03
   301 : -4.1408349e+06  4.7882167e+06  2.2016393e+03
   302 : -4.6422460e+06  4.3140315e+06  1.0000000e+02
   303 : -4.2386467e+06  3.7824760e+06  3.6691555e+03
   304 : -4.5260089e+06  3.5630662e+06  8.9157355e+02
   305 : -4.4753035e+06  3.5993628e+06  1.9209994e+02
   306 : -5.1544387e+06  2.0551228e+06  5.3933622e+03
   307 : -5.0121987e+06  4.2849345e+06  1.3494981e+02
   308 : -5.0823751e+06  4.2855511e+06  2.3730387e+02
   309 : -5.0387417e+06  4.2532814e+06  1.0000000e+02
   310 : -4.5267245e+06  5.0452034e+06  1.0000000e+02
   311 : -4.6408848e+06  5.1720570e+06  1.0000000e+02
   312 : -4.6555872e+06  5.0869493e+06  1.0000000e+02
   313 : -4.2696151e+06  3.0733962e+06  6.2841919e+02
   314 : -5.8582821e+06  3.6370110e+06  6.1793975e+03
   315 : -5.1599412e+06  2.4128250e+06  5.5182317e+03
   316 : -5.4614705e+06  2.2455351e+06  5.4840840e+03
   317 : -5.0553194e+06  2.9195671e+06  5.3281706e+03
   318 : -4.2417704e+06  2.7301590e+06  3.3195526e+03
   319 : -5.0707294e+06  4.4523942e+06  1.8140933e+03
   320 : -4.5693107e+06  3.5099007e+06  1.3816644e+03
   321 : -6.5336896e+06  4.6991823e+06  3.2322606e+03
   322 : -6.7180556e+06  4.5692428e+06  5.6661404e+03
   323 : -6.6415803e+06  4.2536357e+06  5.5443809e+03
   324 : -7.0577106e+06  4.1785831e+06  5.7359181e+03
   325 : -5.5705447e+06  4.3762315e+06  6.9329670e+03
   326 : -5.7574433e+06  3.9244894e+06  5.9105986e+03
   327 : -5.5658241e+06  3.7437645e+06  5.9003837e+03
   328 : -4.6560340e+06  5.5066423e+06  2.8737133e+02
   329 : -4.5022089e+06  5.5805441e+06  5.7658071e+02
   330 : -4.7192692e+06  5.6426567e+06  4.2222241e+02
   331 : -5.9102254e+06  4.5349337e+06  6.6496619e+03
   332 : -4.6895431e+06  2.3654656e+06  7.0742248e+03
   333 : -4.6916675e+06  3.3005450e+06  5.1161759e+03
   334 : -4.5545164e+06  2.6413858e+06  7.7332865e+02
   335 : -6.5015746e+06  4.8538763e+06  5.6197177e+03
   336 : -6.6405983e+06  4.8212832e+06  5.1461485e+03
   337 : -4.9571633e+06  3.0989693e+06  5.3302356e+03
   338 : -4.6183575e+06  2.5279567e+06  5.3578725e+03
   339 : -6.0831271e+06  4.5401056e+06  8.3643881e+03
   340 : -6.3300791e+06  4.9323667e+06  3.0180566e+03
   341 : -6.3866923e+06  4.8331063e+06  3.0122743e+03
   342 : -4.7215988e+06  5.0301774e+06  1.0000000e+02
   343 : -4.4506659e+06  3.6345470e+06  1.0361972e+02
   344 : -4.4364938e+06  3.5888539e+06  1.0000000e+02
   345 : -4.1569722e+06  2.9878015e+06  2.5957121e+03
   346 : -4.3562450e+06  2.8442684e+06  3.2551166e+03
   347 : -5.0547877e+06  4.3482411e+06  4.8709870e+02
   348 : -4.5869058e+06  5.4125689e+06  1.0000000e+02
   349 : -4.4044591e+06  3.1491259e+06  1.0000000e+02
   350 : -4.6125835e+06  5.0133339e+06  1.0000000e+02
   351 : -5.9363022e+06  5.3508777e+06  4.7406621e+03
   352 : -6.1432586e+06  5.2812355e+06  4.6914003e+03
   353 : -7.3406204e+06  4.0906629e+06  5.7508848e+03
   354 : -7.1096161e+06  3.9047091e+06  5.6611338e+03
   355 : -6.1860375e+06  5.0233439e+06  1.7339799e+03
   356 : -5.2147834e+06  4.2340868e+06  4.9014384e+03
   357 : -4.5186673e+06  2.3188617e+06  3.0864484e+03
   358 : -7.2620789e+06  4.3191742e+06  5.7567990e+03
   359 : -4.6336328e+06  2.4310083e+06  6.6210606e+03
   360 : -4.5301226e+06  2.4438143e+06  1.1421897e+03
   361 : -4.2688982e+06  2.2862996e+06  3.0906351e+03
   362 : -4.7556269e+06  5.4881825e+06  1.0000000e+02
   363 : -7.0068875e+06  4.6944548e+06  6.0652725e+03
   364 : -4.4973643e+06  2.5439990e+06  1.2809224e+03
   365 : -4.1953294e+06  3.2123410e+06  1.0000000e+02
   366 : -4.1877466e+06  3.3037162e+06  1.0000000e+02
   367 : -4.1583433e+06  3.4557653e+06  5.6093145e+02
   368 : -5.3788091e+06  4.0537131e+06  5.2768731e+03
   369 : -4.5246896e+06  3.6575195e+06  1.0000000e+02
   370 : -6.2621742e+06  5.0023720e+06  2.5520852e+03
   371 : -4.7692729e+06  4.7235983e+06  1.0000000e+02
   372 : -5.2132384e+06  4.0570622e+06  7.5472189e+03
   373 : -4.7053841e+06  5.4001779e+06  1.0000000e+02
   374 : -6.7869742e+06  4.8198845e+06  5.7703343e+03
   375 : -4.7402120e+06  4.8212628e+06  1.0000000e+02
   376 : -6.0407336e+06  4.9597167e+06  2.8049373e+03
   377 : -4.5775453e+06  2.3692609e+06  5.5303717e+03
   378 : -6.4368061e+06  4.9495846e+06  2.2876050e+03
   379 : -3.4066720e+06  2.7744306e+06  1.0000000e+02
   380 : -3.5904669e+06  2.7990228e+06  1.0000000e+02
   381 : -4.6265802e+06  4.8594564e+06  1.0000000e+02
   382 : -5.0008492e+06  4.2231498e+06  1.0000000e+02
   383 : -4.2810840e+06  3.4788601e+06  1.0000000e+02
Number of triangles 658
     0 :      0      1      2
     1 :      3      4      5
     2 :      6      7      8
     3 :      9     10     11
     4 :     12     13     14
     5 :     15     14     13
     6 :     16     17     18
     7 :     19     20     21
     8 :     22     23     24
     9 :     25     26     27
    10 :     28     29     27
    11 :     30     31     32
    12 :     33     34     35
    13 :     36     37     38
    14 :     39     40     41
    15 :     42     43     44
    16 :     45     46     47
    17 :     11     48     49
    18 :     50     51     52
    19 :     53     54     55
    20 :     25     27     29
    21 :     56     57     58
    22 :     59     60     61
    23 :     62     63     64
    24 :     65     66     67
    25 :     68     69     70
    26 :     71     72     73
    27 :     74     14     75
    28 :     76     77     78
    29 :     79     80     63
    30 :     81     82     83
    31 :     84     63     62
    32 :     85     86     87
    33 :     19     88     89
    34 :     90     51     91
    35 :     10     48     11
    36 :     92     45     93
    37 :     19     89     94
    38 :     95     96     97
    39 :     98     99    100
    40 :    101    102    103
    41 :    104    105    106
    42 :    107     27     26
    43 :    108    109    110
    44 :    111     80     79
    45 :     42     44    112
    46 :    113    114    115
    47 :    116     49     48
    48 :    117     77    118
    49 :    119    120     96
    50 :    121    122    123
    51 :    124     42    125
    52 :    126    127    128
    53 :    118     76    113
    54 :    129    130    119
    55 :    131    132     66
    56 :     65     67    133
    57 :    134     96     95
    58 :    135    136    137
    59 :    138     72    139
    60 :    108    140    109
    61 :    133    141     44
    62 :     38     37     28
    63 :     68     70    142
    64 :     18    143     53
    65 :     42    144    125
    66 :    145     18     53
    67 :    146    147     47
    68 :    119    130    146
    69 :    148    110    105
    70 :    121     39    122
    71 :     56     58    149
    72 :     42    112    144
    73 :     24    150      1
    74 :     12     14     74
    75 :    151    152    153
    76 :    105    110    109
    77 :     60    154     61
    78 :    155    156    157
    79 :    158     83     13
    80 :     10     26     48
    81 :    159    160    155
    82 :     81    161     82
    83 :    162    163    164
    84 :    144    165    166
    85 :    100     99    167
    86 :     83     29     13
    87 :    168     55    169
    88 :    170    171    120
    89 :    172    173    174
    90 :    175    138    166
    91 :    129    119     96
    92 :    118     77     76
    93 :    176    177    178
    94 :     65    131     66
    95 :    179     65    133
    96 :    180    181    182
    97 :     34    171     35
    98 :    124    125    183
    99 :     90    184     52
   100 :    185     17    103
   101 :    117    118    186
   102 :    170    120    187
   103 :    128    188    189
   104 :      4      2      1
   105 :     16    145    190
   106 :     98    100    191
   107 :    192    193    194
   108 :     38    195    196
   109 :    185    197     17
   110 :    198     23     22
   111 :    184    199    200
   112 :    201      1    150
   113 :    202    203    175
   114 :     66    132    204
   115 :    128    127    188
   116 :     53    143     54
   117 :    205    206    207
   118 :     86    208    209
   119 :    210    211    212
   120 :    111     96    120
   121 :    213    214    215
   122 :    111     97     96
   123 :    216     47     46
   124 :     71    217    218
   125 :    195     28     27
   126 :    219    220    221
   127 :    213    222    214
   128 :    223    182    224
   129 :     85    225     67
   130 :    226    227    228
   131 :    189    188    229
   132 :    230     60    231
   133 :    232    233    234
   134 :     93     47    147
   135 :     95     97    235
   136 :    236    201    172
   137 :    237    238    239
   138 :     31    214     32
   139 :    108    110    240
   140 :    241    242    243
   141 :     90     52     51
   142 :    244    148     68
   143 :    181    101     60
   144 :    210    212     88
   145 :     83     82     25
   146 :     56    178    245
   147 :     92    246    247
   148 :    248    249    162
   149 :      0    198     22
   150 :    101     17     16
   151 :    146     47    187
   152 :    137    250    251
   153 :    106     57     56
   154 :    252    253    254
   155 :    236    172    174
   156 :     53     55    168
   157 :    112    165    144
   158 :    132     34     33
   159 :    254    255    219
   160 :    142     70    256
   161 :    111     79     97
   162 :    119    146    187
   163 :    130    147    146
   164 :    240    244    126
   165 :    127     68    142
   166 :    179    133     44
   167 :    257     32    214
   168 :    100    258    191
   169 :     38     28    195
   170 :    118    113    259
   171 :    260     54    261
   172 :     89    186     94
   173 :    130    262    147
   174 :    194    263    264
   175 :    155    157    212
   176 :    265     77    117
   177 :    266    267     86
   178 :    132     33    204
   179 :    267    216     86
   180 :    131     64     63
   181 :    256    147    262
   182 :    170    187     47
   183 :    193    268    269
   184 :     68    148     69
   185 :    270     11    135
   186 :    271    272    273
   187 :    244     68    127
   188 :    230    154     60
   189 :    232    234    268
   190 :    274     42    124
   191 :    256    262    142
   192 :    119    187    120
   193 :    157    265    117
   194 :    193    263    194
   195 :    151    195    152
   196 :    263     50    156
   197 :    202     87    209
   198 :     83     25     29
   199 :     61    275    276
   200 :    277    230    278
   201 :    148    104     69
   202 :    134    129     96
   203 :    279    214     31
   204 :    202    175    280
   205 :    189    129    134
   206 :    148    105    104
   207 :    279    215    214
   208 :    244    110    148
   209 :    281    215    279
   210 :    133    225    141
   211 :    178    177    282
   212 :    131     63    283
   213 :    132    283     34
   214 :    284    186    259
   215 :    101    285     60
   216 :    286    179     43
   217 :    287     74     75
   218 :    208    288    209
   219 :    289     65    179
   220 :     18    197    143
   221 :     62    289    286
   222 :     25     82    290
   223 :    286    289    179
   224 :    184     78     77
   225 :    257    214    222
   226 :    264    155    160
   227 :     15    291     75
   228 :    239    238    116
   229 :    292    293    294
   230 :    232    268    193
   231 :    295     99     98
   232 :    248    291    249
   233 :    133     67    225
   234 :    260     55     54
   235 :    296    194    264
   236 :    186    118    259
   237 :    235     79     84
   238 :    135     11     49
   239 :     63     80    283
   240 :    257    275    277
   241 :    297    100    167
   242 :    243    123    298
   243 :     92     93     70
   244 :     84     79     63
   245 :     59    276    299
   246 :    135     49    136
   247 :    208    167    288
   248 :    129    229    130
   249 :    252    254    221
   250 :    131    283    132
   251 :     78    226    300
   252 :    189    229    129
   253 :     76     78    300
   254 :    126    244    127
   255 :    208    297    167
   256 :    284    149     94
   257 :    158     13     12
   258 :     50    269     51
   259 :    301    116    238
   260 :    302    107     10
   261 :     34     80    171
   262 :    206    288    167
   263 :    184    200     78
   264 :    303     13     29
   265 :     54    143    261
   266 :    157     89    212
   267 :    179     44     43
   268 :    183    304    305
   269 :     40    273    272
   270 :    157    117     89
   271 :    306    221    220
   272 :     86    216    208
   273 :    307    308    309
   274 :    175    165    280
   275 :    310    311    312
   276 :    271    273    114
   277 :     28     37    303
   278 :    206    167     99
   279 :      5    201    236
   280 :    313      2    299
   281 :    314    258    100
   282 :    239    290     82
   283 :     62     64    289
   284 :    315    207    316
   285 :    315    316    306
   286 :    206     99    207
   287 :    140    308     21
   288 :     81     83    158
   289 :    311    296    160
   290 :     18     17    197
   291 :    206    205    317
   292 :     25    290     26
   293 :     28    303     29
   294 :    181    318    182
   295 :    111    120    171
   296 :     19    319     88
   297 :    144    166    320
   298 :    263    155    264
   299 :     89     88    212
   300 :     41    321    322
   301 :     19     21    319
   302 :     65     64    131
   303 :    159    155    212
   304 :    127    142    188
   305 :    195     27    152
   306 :    303     15     13
   307 :    121    123    242
   308 :    138    139    166
   309 :    142    262    188
   310 :    216    297    208
   311 :    323    293    298
   312 :    121    282     39
   313 :    101    103     17
   314 :    170     35    171
   315 :    205    207    315
   316 :    324    298    293
   317 :    265    184     77
   318 :     69    246     70
   319 :    284    259    325
   320 :    326    178    282
   321 :    207     99    295
   322 :    286     43    274
   323 :    216     46    327
   324 :    130    229    262
   325 :    328    329    330
   326 :    113    115    331
   327 :     57     20     58
   328 :    153    152    302
   329 :    235     97     79
   330 :    297    314    100
   331 :    216    327    297
   332 :    255    332    219
   333 :    198    333     23
   334 :    334      5    236
   335 :     59     61    276
   336 :    172    220    173
   337 :    321    335    336
   338 :    123    122    323
   339 :    337    209    288
   340 :    302    152    107
   341 :    156    265    157
   342 :    260    255    254
   343 :    334    236    338
   344 :     39    339     40
   345 :    326    245    178
   346 :      5      1    201
   347 :    243    242    123
   348 :     12     74    281
   349 :    314    121    258
   350 :    207    295    316
   351 :    327    245    326
   352 :    340    341    272
   353 :    297    327    314
   354 :    193     50    263
   355 :    173    219    332
   356 :    342    160    159
   357 :     60    285    231
   358 :    164    343    344
   359 :     16     18    145
   360 :    210      7      6
   361 :      5      4      1
   362 :    257    222    345
   363 :    117    186     89
   364 :    182    318    346
   365 :    201    150    317
   366 :    289     64     65
   367 :     92     70    246
   368 :    347    319     21
   369 :    274     43     42
   370 :    348    329    328
   371 :     44    141    112
   372 :    301     49    116
   373 :    193    269     50
   374 :    249     15    303
   375 :     36    343    164
   376 :    349      2    313
   377 :    345    299    276
   378 :    310    312    350
   379 :     23    337     24
   380 :    224    346      4
   381 :    226    351    352
   382 :    277    154    230
   383 :    301    136     49
   384 :    257    276    275
   385 :    141    280    112
   386 :    254    219    221
   387 :    234     91    268
   388 :    113     76    300
   389 :    263    156    155
   390 :    156     50     52
   391 :    112    280    165
   392 :     78    351    226
   393 :    180    182    223
   394 :    313    345    222
   395 :      4    346      2
   396 :    201    317    205
   397 :    327    326    314
   398 :    281     74    215
   399 :    200    351     78
   400 :    257    345    276
   401 :    176    325    259
   402 :    337    317    150
   403 :    210     88      7
   404 :    324    353    354
   405 :    271    355    272
   406 :    356    140     21
   407 :    357    143    197
   408 :    145     53    168
   409 :    321    336    322
   410 :    324    292    358
   411 :    173    220    219
   412 :    346    299      2
   413 :    306    220    315
   414 :    359    360    338
   415 :    324    354    298
   416 :     16    190    361
   417 :    106    356     57
   418 :    309    308    108
   419 :    356     21     20
   420 :    183    125    304
   421 :    121    242    258
   422 :     26    290     48
   423 :     40    341    321
   424 :    327     46    245
   425 :    330    233    232
   426 :     40    339    273
   427 :     23    202    209
   428 :    163    303     37
   429 :    226    352    227
   430 :    105    109    356
   431 :    305    218    344
   432 :    314    282    121
   433 :     59    318     60
   434 :    357    261    143
   435 :      0      2    349
   436 :    266     86     85
   437 :    359    174    332
   438 :    111    171     80
   439 :    256     70     93
   440 :    359    338    174
   441 :    192    362    330
   442 :     34    283     80
   443 :    101    361    285
   444 :    313    299    345
   445 :     10    107     26
   446 :    240    110    244
   447 :    271    228    355
   448 :    192    194    362
   449 :     22     24      1
   450 :    201    205    172
   451 :     45     47     93
   452 :    123    323    298
   453 :    363    293    322
   454 :    144    320    125
   455 :    108    308    140
   456 :    364    360    102
   457 :    365    313    222
   458 :    267     47    216
   459 :     39    282    177
   460 :    237    239    161
   461 :    321    341    335
   462 :    242    191    258
   463 :    159    212    211
   464 :    366    287    367
   465 :    106    368    247
   466 :    363    294    293
   467 :    265     52    184
   468 :    356    109    140
   469 :     92    247     45
   470 :    192    330    232
   471 :    314    326    282
   472 :    256     93    147
   473 :    107    152     27
   474 :    284     94    186
   475 :    156     52    265
   476 :    176    259    331
   477 :    287    215     74
   478 :     19     94    149
   479 :    202    280     87
   480 :    106     56    368
   481 :    344    218    217
   482 :    181     60    318
   483 :    259    113    331
   484 :     23    333    202
   485 :    305    343    369
   486 :     71    139     72
   487 :    172    205    315
   488 :    249    291     15
   489 :    241    191    242
   490 :    137    136    250
   491 :    175    166    165
   492 :    370    272    355
   493 :    210    371    211
   494 :    243    298    354
   495 :     71    218    139
   496 :    101     16    361
   497 :     41    322    323
   498 :    337    288    317
   499 :    372    106    247
   500 :    347     21    308
   501 :    373    362    194
   502 :    176    331    177
   503 :    284    325    149
   504 :    363    322    374
   505 :    247    368     46
   506 :    371    375    211
   507 :    125    320    304
   508 :    296    264    160
   509 :    277    275    154
   510 :     24    337    150
   511 :     23    209    337
   512 :    373    348    328
   513 :    357    255    261
   514 :     59    299    318
   515 :     36    164     37
   516 :     39    177    339
   517 :    372    247    246
   518 :    366    213    287
   519 :      8    347    307
   520 :    196    195    151
   521 :    169     55    253
   522 :    369    343     36
   523 :    302     10      9
   524 :    141     87    280
   525 :    374    322    336
   526 :      3    223    224
   527 :    342    350    312
   528 :    320    166    139
   529 :    213    215    287
   530 :    236    174    338
   531 :    370    340    272
   532 :    323    322    293
   533 :     75    291    367
   534 :    106    105    356
   535 :    172    315    220
   536 :     73     72    333
   537 :    206    317    288
   538 :    176    178    325
   539 :     61    154    275
   540 :    203    333     72
   541 :    192    232    193
   542 :     56    325    178
   543 :    365    213    366
   544 :    305    304    218
   545 :    229    188    262
   546 :    346    318    299
   547 :    226    376    300
   548 :    247     46     45
   549 :    287     75    367
   550 :    260    254    253
   551 :    324    358    353
   552 :    364    338    360
   553 :     33     35    267
   554 :     40    272    341
   555 :    375    159    211
   556 :    225     87    141
   557 :     56    149    325
   558 :    104    106    372
   559 :    224    182    346
   560 :    328    330    362
   561 :    218    304    320
   562 :    271    376    228
   563 :    260    261    255
   564 :    271    114    376
   565 :    267     35    170
   566 :    364    334    338
   567 :    173    332    174
   568 :    163    249    303
   569 :      8    319    347
   570 :    226    228    376
   571 :    331    339    177
   572 :    161    239     82
   573 :    307    347    308
   574 :    202    333    203
   575 :    359    377    360
   576 :    356     20     57
   577 :    164    163     37
   578 :    162    249    163
   579 :     69    104    372
   580 :    331    115    339
   581 :    357    185    377
   582 :    311    160    312
   583 :    373    328    362
   584 :    218    320    139
   585 :     66     85     67
   586 :    342    312    160
   587 :    267    170     47
   588 :    260    253     55
   589 :    185    360    377
   590 :     69    372    246
   591 :    365    222    213
   592 :     33    267    266
   593 :    204     33    266
   594 :    305    344    343
   595 :      3    224      4
   596 :    378    341    340
   597 :    204    266     85
   598 :    357    377    255
   599 :    255    377    332
   600 :    378    335    341
   601 :     66    204     85
   602 :    359    332    377
   603 :    198     73    333
   604 :    379     30    380
   605 :     30     32    380
   606 :    310    350    381
   607 :    382    307    309
   608 :    381    375    371
   609 :    381    350    375
   610 :    342    159    375
   611 :    349    313    365
   612 :     71     73      0
   613 :      0     73    198
   614 :    137    251    310
   615 :    251    311    310
   616 :     90    199    184
   617 :      9     11    270
   618 :    203    138    175
   619 :     86    209     87
   620 :     85     87    225
   621 :     41     40    321
   622 :     90     91    199
   623 :     91     51    269
   624 :     91    269    268
   625 :      0     22      1
   626 :    357    197    185
   627 :     19     58     20
   628 :     19    149     58
   629 :    203     72    138
   630 :    227    355    228
   631 :    181    102    101
   632 :    181    364    102
   633 :    273    115    114
   634 :    273    339    115
   635 :     15     75     14
   636 :    324    293    292
   637 :      5    334    180
   638 :    180      3      5
   639 :    180    334    364
   640 :    364    181    180
   641 :    296    311    373
   642 :    373    194    296
   643 :    368     56    245
   644 :    245     46    368
   645 :      7     88    319
   646 :    319      8      7
   647 :    114    113    300
   648 :    300    376    114
   649 :    383    366    367
   650 :     41    323    122
   651 :    122     39     41
   652 :    116     48    290
   653 :    290    239    116
   654 :    360    185    103
   655 :    103    102    360
   656 :    383    367    291
   657 :    291    248    383