Number of elements 658
     0 :  1.5242316e-01  9.9753118e-02 -9.2330174e-03
     1 : -7.4894354e-03  7.1297081e-03  9.2014111e-03
     2 :  1.7871732e-03 -9.7784344e-03 -1.8983168e-02
     3 :  2.3237784e-08 -2.8353064e-08  8.8106631e-09
     4 : -5.9288974e-08  7.2263398e-08 -1.1073288e-06
     5 :  3.3978697e-06 -1.6532013e-06  1.9946267e-06
     6 :  3.0139690e-05 -1.6663987e-04 -1.0675307e-04
     7 :  4.4304832e-02  1.2508794e-01  8.9053131e-02
     8 :  8.4046982e-02  1.3883134e-01  8.0464580e-02
     9 :  7.9171718e-08  6.3620919e-07 -2.0453524e-06
    10 :  1.8216737e-05  5.5177353e-06 -2.9396689e-06
    11 :  1.2120719e-07  1.0132464e-08 -1.9821949e-07
    12 : -6.8980294e-02 -4.9279317e-02 -9.7016621e-02
    13 :  3.4637402e-04  7.2483552e-05 -1.8501913e-04
    14 : -3.3387396e-04 -5.1927371e-03 -2.9749491e-03
    15 :  5.0434999e-02 -2.4830265e-02 -6.6474397e-02
    16 : -6.5291287e-02 -4.8687414e-02 -7.6745106e-02
    17 :  5.7745312e-09  7.4477165e-09 -4.9543393e-09
    18 : -2.9344084e-04  6.7951714e-05 -6.2521228e-04
    19 : -1.1909572e-04 -2.1061687e-04 -1.1639673e-04
    20 : -7.1298738e-07 -2.8683080e-06 -6.4830252e-07
    21 :  2.9228791e-02  9.3748190e-02  2.6824577e-02
    22 :  1.5373716e-04 -6.9320664e-05 -3.0974879e-05
    23 : -2.8831964e-01 -3.1381078e-01 -4.4142302e-01
    24 : -5.6610650e-02 -1.0198551e-01 -1.3480302e-01
    25 : -6.7046532e-03 -1.0078823e-01 -6.1362656e-02
    26 :  1.4623734e-01  2.2662902e-01  1.6107506e-01
    27 :  4.4684632e-07 -9.1659714e-07 -4.7185616e-07
    28 : -6.7878008e-04  1.4900271e-03  8.3924305e-04
    29 : -4.0557076e-01 -2.9194412e-01 -2.3426288e-01
    30 : -3.7485794e-08  8.9158066e-08  3.9879752e-07
    31 :  2.3574655e+00 -4.1646213e+00  5.0234485e-01
    32 : -5.2584776e-02 -6.3762357e-02 -4.3154361e-02
    33 :  7.1936913e-02  1.2298502e-02  6.5992779e-03
    34 :  3.5110194e-05  8.3641563e-05  8.5537165e-05
    35 : -5.3780655e-08 -1.3001561e-08  3.4055968e-08
    36 : -8.0019849e-02 -6.7523572e-02 -6.2988486e-02
    37 :  7.9029687e-02  1.4235126e-02  8.8569715e-02
    38 :  7.6538379e-01 -3.6517835e-01 -6.7871235e-01
    39 : -2.0367553e-02  3.1405410e-02  6.7774505e-02
    40 : -9.0529626e-05  5.9044751e-05 -4.8027656e-05
    41 : -1.6457920e-02 -1.9766223e-02 -2.5947744e-02
    42 :  3.3511502e-07 -2.0399676e-06  4.1495280e-07
    43 :  3.9277854e-02  9.2039458e-02  3.5834170e-02
    44 : -3.4137546e-01 -2.2450521e-01 -3.2207926e-01
    45 :  9.1847277e-02 -2.1408766e-02 -1.5138139e-02
    46 : -6.0850754e-03 -3.6950559e-03 -6.7119477e-03
    47 :  2.0483824e-08 -5.6388690e-09  4.8946562e-09
    48 : -7.3268069e-03  9.8668240e-04 -6.5126959e-03
    49 : -1.3104049e-01 -1.6895736e-01 -1.7057979e-01
    50 :  8.6035843e-03 -7.3018804e-03 -4.3991130e-03
    51 :  1.9538413e-01  1.9372515e-01  1.6160762e-01
    52 :  3.0936162e+00 -5.4597921e+00  2.2420853e+00
    53 : -6.7272770e-03 -2.9859944e-03 -6.2357265e-03
    54 :  4.8724203e-03 -8.9142183e-02 -1.5465490e-01
    55 : -5.1024692e-02 -1.1798704e-01 -9.4822376e-02
    56 : -9.5855385e-02 -1.6419563e-01 -9.0884934e-02
    57 :  2.4488941e+00 -3.8607839e+00  2.6607403e+00
    58 :  8.8280587e-10  6.7898961e-13 -8.6946505e-10
    59 :  1.6269129e-01  9.9623511e-02  8.8309298e-02
    60 :  5.4629141e-02  3.0883205e-02  3.7512088e-02
    61 : -1.2044857e-01 -1.2588106e-01 -5.0701336e-02
    62 : -7.1137650e-05 -1.1304905e-04 -1.0236301e-05
    63 : -7.7148828e-02 -1.1138007e-01 -8.6089298e-03
    64 : -1.2414923e-04 -1.8893547e-04 -1.2640769e-04
    65 :  2.2016535e-01  1.4175683e-01  1.6517227e-01
    66 :  9.3329546e-05 -1.3294066e-04 -1.6784900e-04
    67 : -8.8448924e-02 -8.3210609e-02 -7.6634268e-02
    68 : -1.0411780e-01 -1.8914068e-02 -1.2521507e-01
    69 : -1.3724492e-02  5.1731349e-02 -1.4863536e-02
    70 :  1.3957083e-02  6.0299782e-03 -6.8902909e-03
    71 :  6.0729031e-02  1.1888301e-01  3.6824626e-02
    72 :  1.4680303e-01  6.9409351e-02  1.0092718e-01
    73 :  2.1335059e-01  8.2259588e-02  5.4517936e-02
    74 :  1.2426866e-07 -7.2216226e-07  3.1491690e-07
    75 :  8.6980815e-07  1.2730671e-06 -7.0647316e-07
    76 : -2.8134615e-03  2.5437434e-02  3.7403493e-02
    77 : -6.9718399e-05 -2.6630462e-06 -1.0720602e-04
    78 :  2.0905021e-03  6.5352523e-04  5.5915622e-04
    79 :  3.9464352e-07 -8.9647212e-07 -6.1720960e-07
    80 : -8.9829515e-08  1.8048557e-07 -4.5728210e-08
    81 :  1.3640991e-03 -8.7493106e-04  2.0177946e-03
    82 : -8.8371056e-08  5.0598804e-09 -7.8659011e-08
    83 : -1.2924559e-04 -8.7116361e-05  1.1100848e-03
    84 :  1.5179941e-01  8.1348375e-02  8.1349584e-02
    85 :  7.8144756e-02  2.4048823e-02  1.7907259e-01
    86 : -1.9461045e-06  4.9204136e-07  5.6765460e-07
    87 :  1.3335589e-04 -1.9154317e-04  1.5469185e-04
    88 : -1.0433104e-01 -8.5236592e-02 -9.9950965e-02
    89 : -9.9991573e-03 -4.3173293e-04 -4.2645666e-03
    90 :  6.6295138e-02  7.0950464e-02  1.1100074e-01
    91 : -5.6261493e-02 -1.7775897e-01 -2.1376366e-01
    92 : -6.1444534e-03  1.1490063e-03 -2.7925957e-03
    93 :  7.3910420e-02  3.2094665e-02  1.1139569e-01
    94 : -1.0000680e-01 -7.8271386e-02 -1.6129907e-01
    95 : -1.2127490e-01 -1.8280718e-01 -1.7831856e-01
    96 :  2.4574742e-04  1.2310757e-04  4.9767600e-04
    97 : -3.6694590e-02 -1.1445051e-01 -1.0432238e-01
    98 :  1.3687933e+00 -1.3878961e+00  9.0761548e-01
    99 : -1.1652328e-04 -5.5283587e-04 -7.6052351e-04
   100 :  1.5545961e-04 -1.4464476e-04 -1.9303904e-05
   101 : -8.6971336e-03 -3.7964613e-03  4.8686705e-03
   102 : -8.9111633e-02 -9.1342419e-02 -9.7275759e-02
   103 :  1.6470173e+00 -4.0496642e+00  2.0146714e+00
   104 : -3.7556554e-03  1.7946844e-02  9.5356215e-02
   105 :  1.3735109e-04  5.3179378e-05 -9.6970550e-05
   106 : -3.6856668e-02  8.1377465e-02 -2.7552175e-02
   107 :  4.3818316e-06  9.4439980e-05  9.0326751e-05
   108 :  1.7008459e-05 -4.1232148e-06 -2.9515323e-06
   109 :  1.6738454e-04 -3.7360277e-05 -1.6592846e-04
   110 :  1.3839713e-01  1.1421402e-01  4.9015373e-02
   111 : -9.3593704e-04  3.2538033e-04 -8.6854168e-05
   112 :  2.3732499e-02  8.9753417e-02  1.6304222e-01
   113 :  6.4841625e-03  3.7775157e-02  7.9098583e-02
   114 : -2.9850094e-02 -3.7406506e-02 -1.2010078e-01
   115 : -1.4532176e-02 -1.2763417e-01 -2.7060221e-01
   116 : -1.0230629e-04 -1.2268054e-04 -1.4346183e-04
   117 :  2.1192900e-02  9.5208768e-02 -9.4457708e-03
   118 : -4.9554605e-02 -5.0166843e-02 -3.5820591e-02
   119 : -3.9993905e-03  4.2499075e-03 -7.4796836e-03
   120 : -2.3348567e-01 -2.1664717e-01 -1.9001894e-01
   121 :  4.9434221e-06  1.0762567e-05 -3.6420165e-06
   122 : -4.0609280e-01 -4.4901084e-01 -3.4706979e-01
   123 : -5.9644416e-02 -7.4428066e-02 -4.5844806e-02
   124 :  1.8463704e-01 -1.0833382e-01  2.2119166e-01
   125 :  2.1487731e-06  1.8157137e-05 -3.8046845e-06
   126 :  1.1866860e-03  2.2859900e-03 -6.9740848e-04
   127 :  2.8234986e-06 -3.4745449e-05  1.6991680e-05
   128 : -6.1446371e-04  1.2621396e-04 -2.2671410e-03
   129 : -6.4589519e-02 -6.9509796e-02 -7.5961071e-02
   130 :  1.9861684e-04 -3.3371912e-04 -1.3398930e-04
   131 :  3.8125355e-02 -1.3445047e-01 -1.7872349e-01
   132 :  1.1188047e-05 -3.2796609e-05  7.1881249e-06
   133 : -1.7947707e-05  4.0290207e-06  1.8565841e-05
   134 : -9.9248706e-02 -7.7563306e-02 -5.9161263e-02
   135 :  3.7010810e+00 -4.6981302e+00  4.3902086e+00
   136 : -3.3774201e-03  2.4923679e-02 -9.1815036e-03
   137 : -1.3145231e-08 -1.2629853e-08  2.9872284e-08
   138 : -1.3574941e-06  2.8311969e-06 -9.5240809e-07
   139 :  1.0293664e+00 -2.6823674e+00  2.5901093e+00
   140 :  4.8238657e-03 -8.7191242e-03  3.5372461e-03
   141 : -1.3243307e-04 -7.7587702e-04  4.8362022e-05
   142 :  2.5929003e-02 -7.3568828e-02 -2.9012440e-02
   143 :  3.5387845e-05 -8.2299277e-05 -7.1695524e-05
   144 : -3.7729606e-03 -6.6543698e-03 -4.4798357e-03
   145 :  5.9841074e-08  2.9938465e-07  3.3768196e-07
   146 :  7.3207014e-02  3.6857075e-02  8.6914515e-02
   147 : -6.6218132e-02 -5.4125776e-02 -5.9316433e-02
   148 :  2.9039530e-06  5.8842676e-06 -6.3936010e-05
   149 :  9.0519373e-02  2.1808364e-01  9.7276420e-02
   150 : -1.1222158e-04 -1.5230858e-04  3.3579711e-05
   151 : -9.7188513e-02 -6.4378051e-02 -9.4431598e-02
   152 : -2.0909434e-07  7.2039930e-08  5.4446271e-08
   153 :  2.3387825e-02  2.9883094e-02  1.8179968e-02
   154 :  6.1580433e-04  1.9564744e-04 -8.0640138e-04
   155 : -8.7660062e-03 -1.0221041e-02 -2.1130387e-03
   156 : -1.3660229e-04 -1.4731261e-04  4.3582283e-05
   157 :  6.9422401e-02  3.9026881e-02  1.1768560e-01
   158 : -5.1570809e-02 -6.7275729e-02 -9.1584920e-02
   159 : -1.6891488e-04  3.2936294e-04  7.8084774e-04
   160 : -1.9794915e-02 -1.1110167e-01 -8.2258351e-02
   161 : -3.5862523e-01 -5.4237192e-01 -5.4908629e-01
   162 : -6.5540096e-02 -7.1209121e-02 -1.2660903e-01
   163 : -2.8600401e-02 -8.4011983e-02 -1.2372792e-01
   164 :  2.8720632e+00 -4.3420501e+00  3.3204811e+00
   165 : -1.2875920e-02 -1.5902502e-01 -4.9592452e-02
   166 : -1.3312097e-01 -2.0943953e-01 -9.2238642e-02
   167 :  1.5163504e-06 -3.8978738e-06  8.5477707e-06
   168 :  6.9781439e-02  2.6950381e-02 -1.3025611e-02
   169 :  3.2905676e-06  1.6861346e-05  9.7522489e-06
   170 : -3.8317709e-03 -1.2699533e-03  4.3209942e-02
   171 : -3.4004922e-05 -6.5759719e-05 -9.1372885e-06
   172 :  5.6971617e-03  1.9182423e-02  7.5375514e-02
   173 : -8.0223194e-02 -2.9464810e-02 -1.1016058e-01
   174 :  3.0943885e-05 -4.4033056e-04 -3.7887880e-04
   175 :  1.8758138e-03 -1.6286790e-03 -5.4627985e-03
   176 :  2.0450599e-03  1.0651742e-03 -4.7595362e-03
   177 : -5.7203316e-02 -6.6439241e-02 -5.2958245e-02
   178 : -9.9175898e-03 -9.1657366e-02 -7.7345060e-02
   179 : -6.2790168e-02 -6.1392102e-02 -6.5408005e-02
   180 : -2.9531457e-01 -1.6116764e-01 -2.1431336e-01
   181 : -1.1042182e-01 -1.0436367e-01 -7.9621994e-03
   182 : -7.6485452e-02 -1.1098742e-01 -6.8625063e-02
   183 :  1.0278663e-04 -1.1687677e-05  1.4716386e-04
   184 :  3.0919658e-03 -3.8236938e-02 -8.2649875e-02
   185 :  5.4620120e-10 -1.6730630e-09  6.5925056e-10
   186 :  2.6023936e-03  2.0109379e-03 -1.4769334e-03
   187 : -1.0863152e-01 -9.7777297e-02  5.7451631e-02
   188 :  2.6124318e-05  2.3517989e-06 -4.6687722e-05
   189 : -7.2997052e-06 -5.0904576e-06 -2.4816227e-05
   190 :  1.4041957e+00 -2.1124521e+00  9.8804755e-01
   191 : -1.3897876e-01 -3.9278892e-02 -4.1417768e-02
   192 : -6.8405933e-02 -9.5225425e-02 -1.3353351e-01
   193 : -1.3910720e-03  2.3820349e-03 -5.8010677e-03
   194 :  6.6079763e-05 -3.7848225e-04  1.7535264e-05
   195 :  7.2085828e-07 -4.0833577e-06  8.1507018e-08
   196 : -5.0069896e-04 -3.1944677e-04  7.9260818e-05
   197 : -8.5804215e-03 -1.7661259e-02 -3.7345677e-02
   198 : -7.9004775e-07 -1.2549167e-07 -1.6962071e-06
   199 : -6.2026737e-05 -7.7695694e-05  9.5750120e-05
   200 : -2.9164652e-06 -1.7179569e-06  1.9591822e-06
   201 : -1.7130323e-02 -5.1496975e-02 -2.7000839e-02
   202 :  5.4508142e-01 -2.4303277e-01 -3.6802693e-01
   203 : -3.0678773e-07  5.7944300e-07 -1.9951095e-08
   204 : -1.0453757e-02  3.6379826e-02  2.0071633e-02
   205 :  2.3268262e+00 -4.9905636e+00  3.3301315e+00
   206 : -1.2144107e-03 -1.8351214e-02 -3.6544965e-02
   207 : -9.8659370e-07 -2.6089667e-06  2.9465679e-06
   208 : -3.0652119e-04  7.2391153e-02 -1.7129165e-02
   209 :  6.4840551e-07 -1.2852297e-06  3.2020295e-07
   210 : -5.5511480e-02 -1.3543673e-01 -7.4394382e-02
   211 :  1.2583290e-01  2.7604056e-02  7.3492515e-02
   212 : -1.3524970e-01 -1.4257585e-01 -2.5816802e-01
   213 : -9.4723147e-02 -5.4632832e-02 -1.2980011e-01
   214 :  1.1553201e-01  1.4753200e-02  5.5001192e-02
   215 : -7.9339693e-05  5.2036740e-05 -6.9071288e-05
   216 : -1.0048607e-01 -2.8478045e-01 -1.4347292e-01
   217 : -1.1147892e-07  4.9062345e-07 -3.0419086e-07
   218 : -6.1112289e-03  1.8283528e-02  1.3583102e-02
   219 : -1.7189140e-01 -2.2742884e-01 -2.2667410e-01
   220 : -1.1927458e-04 -1.0347238e-04 -8.9836758e-05
   221 :  1.8550366e+00 -4.6732426e+00  1.8136571e+00
   222 :  5.6364501e-07  1.0386203e-07 -1.0219400e-07
   223 : -2.0595595e-01 -3.4212211e-01 -1.9240089e-01
   224 : -3.1604667e-04  6.3654377e-04  1.8316960e-03
   225 : -2.8464343e-05  8.5350662e-06 -3.9067989e-05
   226 : -2.1402328e-04  1.5309171e-03 -5.4759286e-04
   227 :  2.8928683e-06  1.9008115e-06 -6.2716379e-07
   228 :  2.4636110e-08 -7.4234866e-09  2.2057770e-08
   229 : -2.3904517e-04  2.7753481e-04 -2.8681562e-04
   230 : -1.0499965e-05 -5.5140416e-06  9.2117270e-05
   231 : -1.0974557e-02  1.9691641e-02 -3.5458021e-02
   232 : -4.5048765e-06  1.8136481e-06 -1.4107420e-05
   233 : -7.5788800e-02 -6.4259600e-02 -1.3714824e-01
   234 : -7.9126063e-05 -9.1279980e-05 -1.5420180e-04
   235 :  2.1012841e-05  5.0394284e-05 -3.5569350e-04
   236 :  2.2088022e-02 -5.4675074e-03  5.4950869e-02
   237 :  3.7636875e+00 -5.5809668e+00  2.9484122e+00
   238 :  9.9639201e-10 -8.8933864e-10 -2.3789566e-09
   239 : -1.5265755e-01 -2.2623402e-01 -1.8786201e-01
   240 : -1.8275737e-05 -6.4659676e-06  1.4977521e-05
   241 :  1.4076625e-01  5.4761015e-02  1.1651738e-01
   242 :  8.5096672e-04 -2.0198900e-03  4.0502165e-04
   243 : -8.9233721e-02 -6.9090040e-02 -5.1510574e-02
   244 : -1.1881460e-01 -4.9714440e-01 -5.7770746e-01
   245 :  2.2539134e-04  1.6123445e-04  2.8182457e-04
   246 :  3.3223599e-10 -8.9693262e-10  5.8168609e-11
   247 :  5.9307129e-02  5.4661091e-02  6.5398969e-02
   248 : -7.7919165e-02  1.3630540e-02 -1.3459432e-01
   249 :  3.3945648e-04 -1.6625874e-04 -1.2120414e-03
   250 : -9.7279896e-02 -9.2720532e-02 -1.3715030e-01
   251 :  7.1075347e-04  2.3384803e-04  7.1487332e-04
   252 :  7.6619829e-02 -1.2918744e-01 -5.7450442e-02
   253 : -1.2554383e-03  7.8480580e-04 -2.3725155e-04
   254 :  4.7935067e-01  2.4854734e-02 -3.1357096e-01
   255 :  5.4526986e-02  4.7475295e-02  5.4021124e-02
   256 :  8.6204823e-02  1.2980229e-01  6.7510500e-02
   257 :  1.2020272e-09 -8.1849791e-07  3.1491673e-07
   258 : -1.6494693e-04  1.0206696e-04  7.6268137e-05
   259 : -1.9736195e-09  8.5827342e-09 -9.9622382e-09
   260 : -9.1427595e-08  1.4974665e-07 -1.2240987e-07
   261 : -1.0202663e-01 -1.0254305e-01 -1.4002206e-01
   262 :  6.1152584e-02  1.6696978e-01  1.1478164e-01
   263 : -5.4718393e-04 -1.7193965e-04  2.1801450e-04
   264 :  2.7812116e-06  1.6919182e-06  4.8160220e-06
   265 : -6.0905133e-05 -4.0714637e-05  5.5889157e-06
   266 : -1.6417654e-03 -9.2807832e-03 -7.6554693e-03
   267 : -2.0824911e-01 -1.7012932e-01 -3.1271053e-02
   268 :  1.2175163e+00 -6.4723067e-01  4.2328533e-01
   269 : -5.2467835e-03 -4.2454007e-03  1.3357964e-03
   270 : -1.8599519e-03 -7.8416388e-03 -1.1141025e-02
   271 : -7.7884537e-04 -2.1649389e-03  4.6210341e-03
   272 : -4.4812326e-02 -6.8869127e-02 -4.7729795e-02
   273 :  1.1425892e-01  1.2692001e-01  3.0990425e-01
   274 :  4.2286507e-03  7.7647158e-02  4.2753440e-03
   275 : -1.4831043e-05  1.0331887e-05  9.7157485e-06
   276 :  2.0248282e-03 -3.0468430e-03 -5.2340328e-03
   277 : -3.6158206e-06 -1.4249109e-04 -3.7008037e-05
   278 :  1.0317932e-01  1.6990296e-01  2.6601197e-02
   279 :  1.0851412e-02  3.0924571e-02 -4.5914319e-03
   280 :  6.9325624e-05 -3.0178681e-03 -4.3080186e-04
   281 :  1.3238172e-01  1.2063713e-02  8.7587791e-02
   282 : -3.1548028e-08 -1.2163544e-07 -9.0013390e-08
   283 : -2.0752706e-01 -4.5338740e-01 -2.8457760e-01
   284 : -7.5931053e-03 -1.5053139e-02  3.8017904e-03
   285 : -5.1841407e-03  8.1795269e-03  1.9785657e-03
   286 :  9.8888486e-02  3.6872210e-02 -9.6080369e-03
   287 :  7.7849962e-02  5.5907105e-02  3.9537048e-02
   288 : -3.6152637e-08  1.6613847e-07  2.6200738e-07
   289 :  1.7304317e-04 -1.2492344e-05 -4.0854176e-04
   290 : -1.2474953e-04 -1.8545638e-04 -1.7432706e-04
   291 :  1.0446159e-01  1.1687240e-02  1.5246168e-01
   292 :  6.7262030e-07 -1.2019827e-07  5.6137219e-07
   293 :  1.2078204e-05 -8.1869751e-06  1.1435889e-05
   294 :  1.4402504e-04  4.1944227e-04  4.9343112e-04
   295 : -1.6846226e-01 -1.5425736e-01 -1.0525570e-01
   296 :  8.1673903e-02  8.8889919e-02  1.9756262e-02
   297 :  1.9989031e-01  1.3509895e-01  8.0214836e-02
   298 : -3.3856949e-04  1.5656799e-03 -1.3097200e-04
   299 : -4.9685141e-03 -4.2166315e-04 -6.3256810e-03
   300 : -1.6808287e-03  1.0626982e-03  1.1276591e-03
   301 :  8.4538736e-02  1.6461154e-01  4.6164945e-02
   302 : -1.8627799e-01 -1.2665697e-01 -2.0578193e-01
   303 :  1.2014578e-03  1.6116912e-03 -4.0483162e-03
   304 : -6.7072851e-02 -2.1979274e-01  1.0568595e-02
   305 : -3.3323080e-06 -3.6750583e-06 -1.6323906e-07
   306 : -1.6677404e-07  3.7351480e-06  3.4065756e-06
   307 :  6.2479209e-03 -2.7998943e-03 -5.4071121e-03
   308 :  1.2423413e-01  6.8299956e-02  1.3135779e-01
   309 : -1.2348167e-01 -1.3180508e-01  8.9985560e-03
   310 : -3.6661296e-02  1.8044095e-03 -1.5990650e-02
   311 :  6.2483613e-04  3.7382668e-04  6.3928064e-04
   312 :  1.6603771e-02  8.9989495e-02  4.7934622e-03
   313 : -9.4086523e-05 -1.5742092e-04 -1.1673387e-04
   314 : -1.1173193e-01 -6.9808140e-02 -7.1890993e-02
   315 :  3.4019139e-03 -1.2245350e-02 -8.3113139e-03
   316 : -1.3904331e-04  7.1510017e-04  4.4907814e-04
   317 :  2.3682832e-03 -2.6801622e-04  1.9503606e-03
   318 : -5.7500800e-02 -8.2050283e-02 -3.3779880e-02
   319 :  8.6047270e-02  3.3965321e-02  1.2237057e-01
   320 :  1.4699253e-01  8.2825584e-02  3.7236246e-02
   321 : -1.0826974e-02  1.3793992e-02 -9.2720652e-03
   322 :  2.1342321e+00 -4.7116325e+00  2.1640354e+00
   323 : -2.9789685e-02 -3.5402579e-02 -2.1065352e-02
   324 : -1.2663928e-01  1.8510131e-02 -1.0083930e-01
   325 :  1.0811712e-07 -1.2714640e-06  2.7573467e-06
   326 : -8.2531777e-04 -3.2441992e-03  2.9298123e-02
   327 :  6.4586481e-02  5.9888981e-02  3.0109087e-02
   328 : -4.0473505e-07  1.1543286e-06 -3.9564630e-07
   329 :  1.0668849e+00 -6.1501701e-01 -6.0175308e-01
   330 :  1.4215371e-01  9.1441373e-02  5.8898906e-02
   331 : -1.1373342e-02 -7.5981661e-03  1.1017786e-02
   332 :  1.4418025e-04  1.1418212e-03  8.1590527e-04
   333 :  5.3262969e-02  1.5195535e-01  5.3273513e-02
   334 : -2.8716258e-03  4.3317668e-03 -5.2283957e-03
   335 :  2.5604107e-04 -5.6241163e-05  1.6646580e-04
   336 : -8.7979525e-03  1.5727287e-03 -3.5359051e-04
   337 :  3.1661472e-03  2.3340228e-04 -8.5056927e-04
   338 : -3.6158261e-03 -9.2101276e-03 -4.6774112e-04
   339 :  4.9165463e-02  4.1053404e-02  5.3352442e-02
   340 : -4.1335921e-07  1.0103969e-06  6.5409606e-07
   341 :  6.3330174e-04  2.2139722e-03  9.4015291e-04
   342 : -3.6696011e-05  2.0471206e-04 -1.5466978e-04
   343 : -3.9121554e-03 -7.5917549e-03 -1.1755776e-03
   344 :  4.4314431e-03  3.4930068e-03 -4.4448071e-03
   345 :  6.2963467e-02  1.1222257e-01  5.1197966e-02
   346 :  1.4305550e-03  1.0817024e-01  4.1371671e-02
   347 :  1.3794649e-03 -5.1513806e-03 -3.1159132e-03
   348 :  1.1822477e-07  3.5140299e-07 -2.0798938e-07
   349 :  1.1542549e-01  2.0404722e-02  1.5261570e-02
   350 : -2.3515415e-02 -3.2051549e-03  1.1114726e-02
   351 :  4.8455818e-02  7.1327387e-02  2.7434669e-02
   352 :  1.7041550e-04  1.3614014e-03  2.2205440e-03
   353 :  6.0109343e-02  8.2592088e-02  4.9068422e-02
   354 :  6.6334750e-05 -2.1869497e-04 -4.5006164e-04
   355 :  8.6354231e-04  9.1662180e-04  5.6338844e-04
   356 : -2.0827350e-04 -7.3083937e-04  6.8535877e-04
   357 : -3.6295807e-05  3.5653005e-05  6.6685699e-06
   358 :  4.6878581e-03 -2.3711310e-03 -2.2624806e-02
   359 :  9.4324919e-05 -5.2384226e-05  7.3620131e-05
   360 : -3.6827522e-04 -2.0406586e-02  1.0455691e-02
   361 :  7.9858464e-03  5.9359973e-03  9.7882861e-02
   362 : -1.7577847e-04 -1.7976599e-04  3.6882002e-04
   363 : -8.6662108e-03  5.8658131e-03 -6.3987160e-03
   364 :  6.3748933e-05  4.4235718e-04 -1.2484367e-03
   365 :  2.4368902e-02  1.7034173e-01  1.1753355e-01
   366 : -2.3407826e-01 -1.9210949e-01 -2.2192092e-01
   367 : -6.8405203e-02 -2.8123094e-02 -9.4547689e-02
   368 :  1.1246224e-01  6.4680516e-02  1.5011807e-01
   369 :  1.1488079e-03 -4.7718307e-03  5.0528183e-02
   370 :  3.2277529e-07 -6.6907266e-07  4.0075806e-07
   371 : -2.3860317e-02 -1.0875061e-01 -7.6324892e-03
   372 : -2.1286897e-09 -2.7910244e-09  6.5538561e-09
   373 :  6.6993097e-05  9.2840892e-05 -8.5887100e-05
   374 : -1.1345507e-05  6.5428313e-06 -9.9061490e-06
   375 :  2.6371920e-03 -6.8912704e-03 -6.1187819e-04
   376 : -6.3156597e-03 -4.0100539e-03 -7.4428853e-04
   377 :  4.6552084e-04  3.6690546e-04  1.4182450e-04
   378 : -1.7652389e-06  3.5246116e-06 -8.8466834e-06
   379 :  1.1079233e-01  1.0458483e-01  4.7815352e-02
   380 : -1.8847348e-03 -4.0595552e-03 -3.5262907e-03
   381 :  3.5753799e-05 -4.2400364e-04  6.2176779e-05
   382 : -6.6500412e-06  1.5872441e-05  5.6379970e-06
   383 :  2.5736876e-10  8.7187215e-10 -1.7607866e-09
   384 : -1.3506829e-04  6.8109479e-05 -5.0293126e-05
   385 : -5.2249064e-02 -4.3992013e-02  4.1264496e-02
   386 : -1.2688713e-04  6.0544753e-04 -5.9031253e-04
   387 : -4.0868675e-06 -8.6258834e-05  1.0977867e-05
   388 : -5.7782947e-03 -3.7625916e-03 -8.4979641e-04
   389 : -3.8392584e-04  6.5557183e-04  1.8644071e-03
   390 : -7.1482216e-06 -2.9019656e-04 -5.6351112e-04
   391 :  4.7585873e-02 -2.2145215e-02  3.4429795e-02
   392 :  4.9587897e-04 -2.3738564e-04  2.4279848e-04
   393 :  1.2537767e-03 -1.1468919e-03  7.6165819e-04
   394 :  7.4181770e-04  5.6925727e-04 -1.8776053e-04
   395 : -1.9665486e-03 -6.2689460e-03  1.4235787e-04
   396 :  4.3301558e-02  1.3758931e-01  1.5186502e-02
   397 :  1.0450528e-01  6.6882660e-02  6.1483815e-02
   398 :  2.0520330e-07  3.9163910e-07 -8.1010109e-07
   399 : -3.3423136e-05 -2.2426533e-04  1.3405530e-04
   400 : -1.9083971e-04  4.1393025e-04  1.7597223e-04
   401 :  6.9940031e-02  1.2109407e-01  3.3461413e-02
   402 :  1.5404240e-01  1.0389759e-01  9.2851738e-02
   403 : -9.1823224e-03  1.1475884e-03 -1.1532260e-02
   404 :  2.9962045e-04 -1.7238788e-04 -4.3571971e-04
   405 :  2.9656703e-03 -4.3354006e-04  2.2702631e-03
   406 :  2.3730505e-02  7.6120135e-02  3.2810043e-02
   407 :  2.1617359e-04 -1.8474600e-05 -7.3824033e-06
   408 :  2.1123664e-04 -2.9893400e-04  1.6698964e-04
   409 :  1.9243743e-03  7.0621744e-06  1.1650419e-03
   410 : -2.6538160e-04 -1.8124434e-04  1.6881507e-04
   411 :  1.1267664e-03  2.2284195e-03  1.0213357e-03
   412 : -3.1061456e-03 -1.0555298e-03 -1.7616823e-03
   413 :  1.5000037e-03  1.5673965e-03 -2.9988693e-03
   414 :  2.5263580e-04  5.2546202e-04 -1.5298738e-03
   415 : -6.9631627e-05  1.2741672e-04  5.6887739e-04
   416 :  1.3282831e-04 -8.2509549e-05  8.1671927e-06
   417 : -1.7629851e-03  3.5833912e-02 -4.2961043e-03
   418 :  5.4095270e-01 -7.8786692e-01  8.0769047e-01
   419 :  5.7501998e-02  5.3335051e-02  4.2315621e-02
   420 :  3.0540969e-01  2.9863745e-01  1.7282224e-01
   421 :  1.4003959e-02 -7.7160878e-03  1.2855303e-02
   422 :  2.7486846e-07 -1.2186437e-07 -1.2191127e-07
   423 : -4.6933281e-03  5.4264960e-04  8.0770019e-04
   424 :  4.2753623e-03  4.9272235e-03 -1.1664277e-03
   425 :  8.0741278e-06  1.5924362e-06 -1.2481319e-05
   426 : -5.1080587e-03 -7.3516779e-04 -5.7183487e-03
   427 :  2.9860818e-03  4.5069703e-02 -2.5363132e-03
   428 : -1.5787619e-05 -3.7193992e-05 -1.0971374e-04
   429 : -1.6348170e-04  1.4775078e-04 -2.0018752e-04
   430 : -5.7001499e-03  3.2000879e-02 -3.6443710e-04
   431 :  2.2803984e-01  1.3863525e-01  2.0428592e-02
   432 :  1.0621539e-01  9.8782655e-02  1.2111626e-02
   433 :  2.1035272e-04  3.8379447e-04 -1.1029454e-04
   434 :  2.2622988e-04  6.3546037e-05 -3.0106484e-05
   435 :  7.5827215e-02  9.9378391e-04 -1.9914103e-02
   436 : -6.1025386e-02 -6.3406197e-02 -3.6637994e-02
   437 : -9.2309339e-05 -2.2415357e-03  3.9822316e-04
   438 : -2.1248195e-01 -1.4992296e-01 -1.2822037e-01
   439 : -4.8767234e-02 -8.0104703e-02 -8.6529138e-02
   440 :  2.2769742e-04 -2.2458028e-03 -2.6745230e-03
   441 : -2.3277185e-05 -1.4843562e-05  5.3314055e-06
   442 : -1.3809074e-01 -8.2764647e-02 -1.5810497e-01
   443 : -6.3695103e-05  2.9868107e-05  6.1822861e-05
   444 :  5.0922613e-04  2.0598418e-04  4.4366571e-04
   445 : -1.4971666e-07  2.5978639e-07  3.2218305e-07
   446 :  8.1071943e-01 -9.7251203e-02  5.6164165e-02
   447 :  2.2503819e-03  7.4744534e-04 -4.4613011e-04
   448 :  3.1802599e-06  9.5175188e-05 -2.3331601e-05
   449 :  1.7461525e-01  1.3216013e-01  4.5439800e-02
   450 :  3.3163264e-02  1.3734305e-02 -9.6418642e-03
   451 : -7.9220202e-02 -8.2523163e-02 -6.0770975e-02
   452 : -2.7994348e-03 -3.7460132e-04  6.1149872e-04
   453 : -2.4401237e-04  3.8644877e-04  8.6361372e-04
   454 :  2.1099671e-01  1.0007192e-01  2.0725639e-01
   455 :  5.7008078e-02  4.8294509e-02  5.2925934e-02
   456 :  5.2719162e-04  6.1621034e-04  1.4235630e-04
   457 :  1.3499739e-04  6.5575917e-04 -2.1034617e-04
   458 : -9.5382100e-02 -6.3268022e-02 -4.8805061e-02
   459 :  3.1488099e-03  7.3387978e-02  5.7707513e-02
   460 :  4.3793606e-09  1.3393495e-10  5.3422002e-08
   461 :  1.2297944e-03  1.2382691e-03  1.9138328e-04
   462 : -5.3216644e-03 -8.1257377e-03  7.3907484e-03
   463 :  2.1613062e-03 -4.9745840e-03  3.0384496e-03
   464 :  4.3336158e-07 -1.0649446e-06 -7.0288895e-08
   465 : -1.8991770e-02 -3.3305854e-02 -2.9554817e-02
   466 : -5.0507751e-04 -2.5660480e-04  3.1139221e-04
   467 :  1.6260402e-03 -4.4818513e-04 -3.3559235e-04
   468 :  9.5618005e-03  3.6575825e-02  3.0123470e-02
   469 : -5.3474514e-02 -5.8539370e-02 -7.7716252e-02
   470 : -2.0703477e-05  3.8153512e-06 -1.5626550e-05
   471 :  8.0755873e-02  1.6830259e-01  4.1767725e-02
   472 : -3.7328840e-02 -1.0006950e-01 -8.9848969e-02
   473 :  1.0490450e-06  4.6284095e-07 -2.7799004e-06
   474 :  1.2216467e-01  8.8071892e-02  1.6079421e-02
   475 :  5.9479914e-04 -5.0637524e-04  1.8473168e-03
   476 :  1.0040958e-01  5.0356478e-02  1.9410038e-02
   477 : -1.9317028e-07 -1.4386690e-06  5.0148595e-07
   478 :  9.1825361e-02  5.4158948e-02  1.3823128e-01
   479 : -2.9401588e-02  2.1866312e-02 -4.1054926e-02
   480 :  2.0671668e-02  6.8715690e-03  6.1696701e-04
   481 : -2.1973799e-03  2.3565369e-01 -8.8779988e-02
   482 :  1.3207905e-04 -1.0404432e-04  3.7744311e-04
   483 :  5.0662602e-02 -4.3079551e-03  3.6710433e-02
   484 :  1.7608405e-02  5.2496544e-02  8.0547002e-02
   485 :  3.1442114e-02  9.4270827e-04 -1.3469040e-02
   486 :  1.8330851e-01  1.3410672e-01  1.9813315e-01
   487 : -8.5558008e-03  9.4788635e-04 -7.0977833e-03
   488 : -8.0745933e-06 -9.5752902e-08  4.6508334e-06
   489 :  3.3403425e-03 -1.6025543e-02 -3.0216410e-03
   490 : -3.1169526e-08  1.2123757e-08  8.9895294e-09
   491 :  2.7758932e-02  7.3275795e-02  1.0163788e-01
   492 : -1.7761581e-03  3.5746120e-03 -1.5393199e-03
   493 :  1.6810050e-03 -1.0603898e-03  2.2651924e-03
   494 :  2.3948599e-03 -8.8999027e-05  1.4993599e-04
   495 :  7.6769700e-02  1.3418057e-01  2.3686387e-01
   496 : -6.9400270e-05  5.4096803e-05  2.8168216e-05
   497 : -2.3260623e-03  9.0379847e-04 -3.7211259e-04
   498 :  1.3528854e-01  1.1695785e-01  6.3056518e-02
   499 : -3.1129547e-02 -3.8349213e-02 -4.6717320e-02
   500 :  5.0238797e-02  9.8516329e-02  1.4005030e-01
   501 : -3.0422652e-05 -2.4308793e-05  1.0433021e-04
   502 :  9.6055044e-02  1.7899765e-02  4.4687182e-02
   503 :  4.2839559e-02  1.0817639e-01  1.1762023e-01
   504 : -5.4304599e-04  1.0459440e-03 -8.8188939e-04
   505 : -3.2412597e-02 -3.1221121e-02 -4.7713910e-02
   506 : -6.0688746e-04 -9.3060402e-04  1.8779458e-03
   507 :  2.7579826e-01  1.7527293e-01  9.5677636e-02
   508 : -1.0132226e-06 -4.8849983e-04 -5.9568268e-04
   509 :  3.8137390e-06 -1.1264346e-06  1.0570606e-05
   510 :  1.2531161e-01  1.4406180e-01  5.8281032e-02
   511 :  6.2934473e-02  2.5683380e-02  2.9110452e-02
   512 : -4.6257017e-06  6.6527567e-07  2.9602885e-06
   513 :  2.4492289e-04  3.0354727e-04  1.9368478e-05
   514 :  2.1329884e-04  1.6220999e-04  5.6267549e-04
   515 :  9.5174009e-04 -1.0338579e-04  1.2244892e-03
   516 :  6.8631439e-03  4.9888131e-02  5.8727957e-03
   517 : -6.4578835e-02 -5.4873144e-02 -3.8192963e-02
   518 :  2.2814721e-06  8.3076564e-06 -2.7167271e-06
   519 : -2.1029694e-02  2.2861820e-01  8.4578136e-02
   520 : -2.6557502e-06 -6.5607957e-06  3.3699614e-06
   521 :  1.9528873e-04 -3.1980622e-04  1.0237141e-04
   522 : -5.5347520e-03 -8.0010849e-03  5.8471575e-03
   523 : -8.7679960e-08 -7.8596364e-08  6.8811465e-08
   524 : -2.8087744e-02 -6.9827244e-02 -2.2626748e-02
   525 : -8.8660220e-04  1.5605961e-03 -3.2949235e-04
   526 : -8.4079322e-03 -5.0635443e-04  1.8632217e-04
   527 :  6.2844967e-05 -4.9287596e-05  5.5963289e-05
   528 :  1.0750581e-01  1.6830927e-01  9.2529691e-02
   529 :  3.1371211e-06 -2.8891397e-06  2.6582243e-07
   530 : -8.9730870e-03 -2.3479330e-03 -1.4513342e-03
   531 : -2.8653313e-03  1.2055247e-04  4.5144780e-03
   532 :  5.6676286e-04  1.0687868e-03  4.2527594e-04
   533 : -4.5036894e-07  1.3615178e-06  1.0775372e-07
   534 : -1.7215929e-02  9.7231069e-03 -5.1559155e-03
   535 : -9.5222665e-03 -7.1789583e-03  1.7391349e-03
   536 :  9.8280449e-02  1.4078533e-01  1.2069546e-01
   537 :  7.5844921e-02  9.6271081e-02  1.7709483e-01
   538 :  2.8392926e-02  1.1217455e-01  1.1342685e-01
   539 : -1.1840708e-04  2.9676848e-06 -5.1321516e-05
   540 :  1.3957809e-01  5.0403573e-02  8.0833389e-02
   541 :  3.3811562e-06 -1.4227543e-05  8.4522022e-05
   542 :  1.2743831e-01  4.6133267e-02  7.1550066e-02
   543 : -4.4947913e-05  2.4769802e-05 -1.2089200e-06
   544 :  1.2059411e-01  3.1066237e-01  9.4399154e-02
   545 : -5.4867305e-02 -3.6412048e-02 -1.6344957e-01
   546 : -1.3894778e-03  3.9510551e-04 -2.4291144e-04
   547 :  3.4132619e-04  1.2350213e-03  5.5983786e-04
   548 : -5.2665371e-02 -4.9219472e-02 -6.3164360e-02
   549 : -2.4156237e-07 -3.7637454e-07 -1.6288181e-07
   550 : -1.2663435e-04 -1.9910701e-04  3.6881402e-05
   551 : -2.5143608e-04  1.2911033e-04 -1.4863308e-04
   552 :  3.1400320e-04 -1.3762078e-03  5.7923340e-04
   553 : -2.8834355e-02 -1.0937145e-01 -6.5614987e-02
   554 : -4.3248141e-03  1.6017982e-03  7.5945564e-04
   555 : -1.3924253e-03  1.7308419e-03  2.7128477e-03
   556 : -8.3309464e-02 -7.5516214e-02 -2.4883576e-02
   557 :  1.0573843e-01  8.5815858e-02  4.7280251e-02
   558 : -2.9679985e-02 -2.5254633e-02 -3.9824800e-02
   559 : -2.2300815e-03  3.0301221e-04 -2.7808833e-03
   560 :  2.1407445e-06  4.3040966e-06 -3.4676249e-06
   561 :  6.5272583e-02  1.8406314e-01  2.1201893e-01
   562 :  2.6066920e-03  2.1460974e-03  4.2298626e-04
   563 : -2.6170874e-05  4.7628953e-05  2.7849756e-04
   564 :  2.3359138e-03 -2.7977198e-03  1.1909791e-03
   565 : -6.2294786e-02 -4.4226484e-02 -1.2104079e-01
   566 :  6.7216994e-04 -3.5114806e-03 -2.0763546e-03
   567 : -2.7639892e-04  2.7216728e-04 -2.7636806e-03
   568 : -1.8266344e-05 -3.5301556e-06 -2.2068757e-05
   569 :  1.2274480e-02  8.3944835e-02  1.7131612e-01
   570 :  4.4139247e-04  1.3010739e-04  1.5503874e-03
   571 :  3.9555079e-02  4.7767539e-03  4.3712031e-02
   572 :  4.4809576e-09 -1.3393675e-08 -1.3020058e-07
   573 :  7.9727020e-02  1.1886952e-01  1.7334713e-01
   574 :  3.7842391e-02  2.8790607e-02  9.4205781e-02
   575 :  5.5680827e-04  3.8827950e-04  4.7515365e-04
   576 :  4.3426864e-02  2.6943903e-02  2.9108269e-02
   577 :  6.3180566e-04  8.9034504e-05 -6.8569778e-06
   578 :  7.0268033e-06 -2.2269289e-05  7.0344579e-06
   579 : -2.5542391e-02 -5.0710285e-02 -4.7040462e-02
   580 :  3.3570812e-02 -1.7687676e-03  8.5554555e-03
   581 :  1.4640005e-04  2.4300923e-04  6.1224234e-04
   582 :  1.2001880e-04 -3.5483811e-04  1.2881884e-04
   583 : -1.3286047e-05  5.0765678e-06 -1.0105550e-05
   584 :  5.3181554e-02  2.2292367e-01  1.0936956e-01
   585 : -6.5065356e-02 -9.9608143e-02 -3.2503374e-02
   586 : -6.4363214e-05  2.7591517e-04 -5.2213697e-04
   587 : -7.1589897e-02 -8.1236193e-02 -8.5523438e-02
   588 : -1.3459837e-04  9.5371047e-06 -8.5653555e-05
   589 :  1.1349299e-04  6.7275282e-04  5.9118993e-04
   590 : -2.2288460e-02 -7.0051036e-02 -5.9781641e-02
   591 : -4.6147682e-05 -1.0367241e-04  2.7758948e-05
   592 : -5.6714317e-02 -7.1456725e-02 -5.2547743e-02
   593 : -2.1768096e-02 -6.7081302e-02 -7.4386631e-02
   594 :  1.1338900e-01  4.1562628e-02 -2.9322977e-02
   595 : -2.6460975e-03 -4.2011514e-03 -4.6702495e-03
   596 : -1.9293695e-03  3.4019805e-03 -1.0315828e-04
   597 : -1.9005579e-02 -8.0613788e-02 -5.4312264e-02
   598 :  9.0388881e-05  6.9754915e-04  2.6744394e-04
   599 :  1.5605241e-04  5.5369144e-04  8.3001658e-04
   600 : -2.0788873e-03 -4.1136785e-04  3.8053303e-03
   601 : -8.9295564e-03 -8.8479553e-02 -7.0445220e-02
   602 :  5.9450357e-04  5.4575642e-04  2.4364558e-04
   603 :  7.1106844e-02  1.2687073e-01  1.5126694e-01
   604 :  3.2995459e-09 -8.8201265e-09  1.5590341e-09
   605 : -1.6374026e-08 -2.0418540e-08  1.8837956e-08
   606 :  3.2949838e-06 -1.5438819e-06 -1.7843076e-06
   607 : -2.4788647e-01  8.8815036e-02  4.0593383e-01
   608 :  2.8137701e-04 -2.2188750e-04 -3.3931361e-04
   609 :  4.4406369e-06 -6.6839816e-06  1.3012811e-05
   610 : -1.0527210e-04  7.4171002e-04 -7.9243410e-04
   611 : -2.1812237e-03  8.0591716e-04  7.6011980e-04
   612 :  4.8509905e-01 -1.9658102e-01  3.6398191e-01
   613 :  1.0771563e-01  1.9671429e-01  1.6771938e-01
   614 : -6.0156334e-07  3.6528773e-07  1.6857151e-06
   615 :  6.4688586e-07 -4.4342081e-06  2.0282981e-06
   616 : -9.4192324e-05  1.4208954e-04 -6.6884247e-04
   617 :  1.6162317e-09 -1.2672133e-10 -1.3757333e-09
   618 :  4.3636419e-02  8.1496003e-02  8.3534386e-02
   619 : -6.4418599e-02 -5.1464348e-02 -2.5437437e-02
   620 : -5.5472323e-02 -8.5926482e-02 -3.5634585e-02
   621 : -3.4581958e-03 -5.6628332e-03  1.2461351e-03
   622 : -6.0495400e-05  6.7123125e-05  4.8298815e-04
   623 :  5.9349514e-05  1.9447187e-04  8.8709461e-05
   624 :  3.6948797e-05  1.2546577e-04 -2.6622795e-05
   625 :  9.0682414e-02  2.1944006e-01  5.6923489e-02
   626 :  2.2989906e-04 -2.7689775e-05  2.5897185e-04
   627 :  4.3777456e-02  7.3714101e-02  1.2205106e-01
   628 :  5.3183762e-02  6.1621254e-02  1.4273130e-01
   629 :  8.5232460e-02  7.8036879e-02  1.2679476e-01
   630 : -5.8940750e-04 -2.1361188e-03  1.0744587e-03
   631 :  1.3768015e-04  7.1651435e-05 -9.1721387e-05
   632 :  2.1782833e-04  5.4139342e-04  7.6419641e-05
   633 : -3.8769692e-03 -7.7525592e-03 -6.9834869e-03
   634 : -7.9557802e-03  3.7067856e-03 -4.6023830e-03
   635 :  2.2444809e-06 -3.5530516e-07 -1.1216945e-06
   636 : -9.2556187e-05  2.9915205e-04 -1.1921419e-04
   637 :  3.5955397e-03 -3.5132025e-03 -3.2166449e-03
   638 : -5.9235590e-03 -8.1530148e-03  7.5379322e-03
   639 : -1.0609397e-03 -3.2061446e-03  3.2108456e-04
   640 :  2.6346361e-04  2.1093407e-04 -1.0539561e-04
   641 :  1.7534837e-04  3.7371878e-05 -9.5440967e-05
   642 : -7.7349404e-06  1.1406816e-04  7.4972634e-05
   643 :  5.2030928e-02  1.6439666e-02  1.2758799e-02
   644 : -7.4430241e-03 -9.8284801e-03  1.2113971e-03
   645 : -1.0462663e-02  1.3262157e-02  6.5642811e-02
   646 :  9.2184069e-02  2.0994682e-02 -1.8050185e-02
   647 : -3.6610677e-03 -7.0389253e-03 -8.1132756e-04
   648 : -9.1824280e-04  1.2264845e-03 -3.2639136e-03
   649 : -5.6280197e-07  5.4841242e-07  1.0118846e-08
   650 : -3.7313226e-03 -2.6126386e-04 -7.1557548e-03
   651 : -6.0803970e-03 -9.7155092e-04 -2.4585937e-03
   652 :  3.3335140e-08 -3.5674395e-08 -1.0407532e-07
   653 : -9.2829862e-08  2.4511537e-09  3.4081179e-08
   654 :  4.9515229e-04  2.4558395e-04  5.6102618e-05
   655 :  8.7996297e-05  2.4855942e-04  4.5715569e-04
   656 :  3.7843099e-07 -4.3201349e-07  1.9772357e-06
   657 :  4.5967567e-07  2.6243447e-06  2.6780099e-07
