Number of elements 658
     0 :  1.1052993e-05  2.3081058e-05 -1.5081322e-05
     1 :  4.7896270e-07 -4.2007465e-07 -7.2579533e-07
     2 : -8.0016984e-10 -1.8135253e-10  1.8478917e-09
     3 : -6.7497756e-25  5.9801603e-25  3.1978895e-26
     4 : -7.0587624e-19  1.6364990e-18 -1.9616055e-19
     5 : -7.2451581e-18 -4.9329652e-18  1.7577294e-17
     6 : -5.5401709e-16  8.8151938e-16 -4.0941649e-16
     7 : -3.0304732e-05  5.9275080e-05  3.3335612e-05
     8 : -3.1154905e-04  2.7250448e-03 -6.1340933e-04
     9 : -3.6660035e-19  2.8215496e-20  3.0392136e-19
    10 : -2.4631221e-16  9.1925910e-17  6.9464208e-17
    11 : -2.0586657e-20  5.9461036e-20 -1.7561701e-20
    12 :  4.3028619e-01  8.3156918e-01  5.4013930e-01
    13 : -3.6285615e-12 -7.3721517e-13  2.0072024e-12
    14 :  1.7627462e-07 -1.4016223e-08 -6.4602319e-08
    15 : -2.3319874e-02  1.8259764e-01  1.5099407e-01
    16 :  4.3855503e-01  1.2129183e-01  3.0553390e-01
    17 : -6.5387854e-26  1.3436560e-26  3.1106367e-26
    18 : -7.1538503e-14  2.2296471e-14  2.7850873e-14
    19 : -4.6255229e-15  5.8441802e-15  3.6380268e-15
    20 : -7.5398339e-18  6.2784956e-18  9.6752980e-18
    21 :  1.5689808e-03  3.1163049e-04 -1.0735316e-03
    22 :  1.7913044e-12  9.2858320e-13 -1.1209522e-12
    23 :  1.3984732e-01  3.9474616e-01  8.3149798e-01
    24 :  8.4932362e-01  7.8511955e-01  4.8725311e-01
    25 :  1.3532071e-01  8.5842207e-02  4.4776634e-01
    26 :  5.9734950e-06 -5.2822169e-05  8.5722188e-06
    27 : -9.5127470e-21 -6.9265855e-20  1.0314660e-19
    28 :  4.0540424e-10  5.5065943e-11 -1.9383093e-10
    29 :  2.1085303e-01  7.6688865e-01  4.6113449e-01
    30 :  1.8645538e-22  1.8686355e-21 -2.7672674e-21
    31 : -1.9949140e-01  3.6396286e-01  1.6753521e-01
    32 :  3.5582480e-01  2.4918217e-02  9.9359178e-02
    33 : -1.4929534e-07  6.7612030e-08  6.3482784e-09
    34 : -1.1357950e-14  8.4092656e-16  4.6511433e-15
    35 :  6.3550243e-24  1.6991204e-24 -3.9169108e-24
    36 :  2.5515071e-01  4.4921783e-01  7.1402155e-01
    37 : -1.6678912e-07  2.7009867e-08  3.0136331e-07
    38 : -7.2730828e-02  1.5448936e-01  7.3929421e-02
    39 :  2.8815710e-06 -1.0397249e-05  2.3465490e-06
    40 :  3.3868778e-13 -3.2438182e-13 -4.4304944e-13
    41 : -1.0944397e-02  1.4094188e-02 -1.2414137e-02
    42 : -2.7754302e-20  1.5517755e-19 -4.4165090e-20
    43 :  3.5208465e-04 -3.2974074e-04 -4.4922797e-04
    44 :  7.7388094e-01  7.6082100e-01  2.1916748e-01
    45 : -4.6230532e-03  1.1247379e-01 -1.5095407e-02
    46 : -3.3376111e-08  4.8449542e-09  2.6040006e-08
    47 : -5.6843597e-25  4.8573906e-25 -4.3337206e-25
    48 :  8.7048715e-09 -2.6136927e-09 -2.6263402e-09
    49 :  8.3796226e-01  1.0100162e+00  3.1027297e-01
    50 : -5.4061616e-07 -3.1102074e-07  2.5876494e-07
    51 :  4.1319844e-03 -1.1784624e-02  1.3051468e-03
    52 :  1.5142389e-02 -3.6738058e-02 -1.1536638e-02
    53 : -2.6302845e-08  2.0505076e-08 -2.4934621e-08
    54 :  3.0000715e-01  8.7908955e-01  7.1146578e-01
    55 :  9.1729618e-01  9.7005070e-01  9.0324336e-01
    56 :  8.5981834e-01  6.8985646e-01  4.7068583e-01
    57 : -4.7016291e-02  1.0248084e-01 -3.5916861e-02
    58 :  1.3062833e-27  1.5759709e-27 -4.2365739e-27
    59 :  1.0640974e-04 -1.0409987e-04 -3.9525630e-05
    60 :  4.8578723e-05  2.0254971e-04  1.2504877e-04
    61 :  6.5025469e-01  1.2351173e-01  1.5666669e-01
    62 :  8.1229798e-14  1.4557674e-14 -3.9519454e-14
    63 :  9.0278330e-02  4.6640730e-01  5.3325937e-01
    64 : -1.3763183e-15  2.8325990e-15 -8.9274017e-16
    65 : -1.3619506e-02  9.8201870e-04  1.8592116e-03
    66 :  1.7626276e-16 -1.8890588e-16 -1.9474786e-16
    67 :  1.1648583e+00  7.4857194e-01  2.4689843e-01
    68 :  7.0321037e-01  7.4908418e-01  1.1692504e+00
    69 : -7.3367762e-03  1.4255695e-03  6.5759899e-03
    70 : -1.2336421e-06  4.2612103e-06 -1.0784015e-06
    71 :  5.6612844e-04 -2.3791368e-04 -8.1953392e-05
    72 : -1.6257214e-02 -1.2285772e-02  2.6039011e-03
    73 : -3.2833522e-04 -6.9180561e-05  1.0368789e-04
    74 : -2.0348325e-20 -3.1783273e-20  2.2334017e-20
    75 :  8.0408695e-21 -6.5761021e-20  2.8606389e-20
    76 :  2.9888335e-03 -3.2700583e-05 -2.3564285e-03
    77 :  1.1191196e-13  1.2238538e-14 -1.4992778e-13
    78 : -1.2702993e-11  5.8816020e-13  1.5342842e-11
    79 :  3.2008873e-19 -4.8840970e-19 -1.7317269e-19
    80 :  1.1677311e-22 -2.0268062e-22  2.5377027e-23
    81 : -7.7645390e-13  1.8990955e-12 -3.3262113e-12
    82 :  1.3379866e-23 -6.8387295e-23  1.2613529e-22
    83 :  9.6606543e-14 -5.9636994e-13  4.2680412e-13
    84 :  3.8265957e-03  4.3229274e-03 -1.3175795e-03
    85 :  2.6178143e-05 -4.6956680e-05  1.2575503e-04
    86 : -4.5064957e-18  1.1078879e-17 -1.2295065e-18
    87 : -6.6257868e-17  4.6922205e-16 -2.9471197e-16
    88 :  8.8794275e-01  1.1297864e+00  9.3096961e-01
    89 : -4.4510510e-08  1.3112468e-08  9.4799827e-09
    90 :  2.8328372e-04  6.8544876e-04 -7.7206503e-04
    91 :  2.8796983e-01  8.0845316e-01  2.8199321e-01
    92 : -3.8561251e-09 -2.5168977e-10  2.9486528e-09
    93 : -4.4156050e-06 -2.7373201e-06  6.0376187e-05
    94 :  8.2034662e-01  9.3893611e-01  9.4143178e-01
    95 :  4.2143653e-01  8.5811244e-01  4.6189725e-01
    96 :  2.5148380e-11  5.4420570e-11 -1.0923659e-10
    97 :  9.0741987e-01  1.0303366e+00  5.9919364e-01
    98 :  1.8829871e-03  1.4204589e-03 -1.2971180e-03
    99 : -6.8775885e-13  1.1578129e-12  4.3521365e-13
   100 : -4.3920010e-13  2.8764784e-13 -2.3762431e-13
   101 :  4.5359724e-08 -2.8528945e-08 -8.7167093e-08
   102 :  8.6896976e-01  8.4235029e-01  1.1909896e+00
   103 : -1.9571028e-02  1.3412830e-01 -1.0021085e-01
   104 : -2.8154711e-06 -3.1499980e-06  8.7997936e-06
   105 : -1.0012032e-17  4.5053347e-18  3.1598836e-18
   106 : -6.7818795e-07  8.5755558e-07  2.8394895e-06
   107 :  4.2861234e-16 -4.0200408e-16 -5.4968918e-16
   108 :  1.3901086e-16  6.4920690e-17 -9.9256318e-17
   109 : -1.6472990e-13  3.3010923e-14  6.4504652e-14
   110 : -1.5974920e-04  3.2097768e-03 -5.3785056e-04
   111 :  2.1123340e-13 -1.6070418e-13  1.4631020e-13
   112 : -3.7501196e-06  3.7858126e-05 -7.3629920e-06
   113 : -4.6601442e-03 -4.5675396e-04 -7.7366032e-04
   114 :  7.7942438e-01  9.1870935e-01  5.9040418e-01
   115 : -3.9299209e-02 -4.0044618e-05  1.6036263e-01
   116 : -9.0286281e-15  1.5257386e-14  7.4495158e-15
   117 :  9.5765522e-06 -1.2864242e-05  1.1416841e-06
   118 :  2.4143334e-02 -9.6520021e-03 -7.7956842e-03
   119 : -1.3017014e-10  3.9506080e-11  3.7049726e-11
   120 :  7.8250061e-01  3.3065110e-01  9.9508289e-01
   121 :  6.2416472e-16  1.8467430e-16 -3.6834354e-16
   122 :  6.8179696e-01  9.6801224e-02  3.2090203e-01
   123 :  6.6314556e-02  3.7744645e-01  1.1455127e-01
   124 : -6.9486874e-07  1.0808164e-07  4.7611153e-07
   125 : -1.8138442e-17 -3.7677816e-16  1.7946218e-16
   126 : -2.2322145e-10  5.1861920e-10 -1.4722437e-10
   127 :  1.7754984e-14 -1.6180283e-14 -1.7969936e-15
   128 :  1.5025999e-09 -3.2823277e-09 -4.3022190e-10
   129 :  9.9504163e-02  1.7606129e-01  7.2843262e-01
   130 : -1.4396978e-12  6.5759007e-13 -1.7067576e-13
   131 : -1.4014266e-01  2.0878813e-01  4.2176406e-01
   132 : -1.6740803e-16  4.9104330e-16 -1.8011186e-16
   133 :  1.4070392e-19 -3.4038967e-20 -7.2002427e-20
   134 :  4.2446874e-01  2.8405595e-01  8.0182721e-01
   135 : -1.9907332e-02  2.8521543e-02 -1.6331747e-02
   136 :  1.5581611e-07  3.8715664e-07 -5.2772514e-07
   137 :  1.8869401e-26  3.1598131e-27 -2.6565402e-26
   138 :  7.0047385e-18 -1.1056810e-17 -3.1445460e-18
   139 :  3.3085079e-04 -4.9813751e-04 -3.6175332e-04
   140 : -4.1033600e-08  6.3649929e-08 -1.2233460e-08
   141 : -9.4263881e-14  4.7480578e-14  2.4488875e-14
   142 : -2.2175163e-02 -3.9321876e-02  3.6086593e-02
   143 :  7.4557761e-13 -4.5535836e-13  1.9391495e-13
   144 : -8.9955230e-10 -3.3999385e-10  3.0287346e-09
   145 : -2.9876888e-20  2.7602953e-20 -2.9432869e-20
   146 :  3.4101984e-04  1.3081411e-04 -2.7692394e-03
   147 :  4.9708707e-01  1.4634992e-01  1.0164515e-01
   148 : -3.3629873e-15  5.9435972e-15  8.9713726e-16
   149 :  2.4784764e-04 -3.7584241e-04 -3.4798124e-04
   150 :  6.3075328e-15  3.0147362e-15 -4.1342497e-15
   151 :  1.1983150e+00  2.5123302e-01  1.0567197e+00
   152 : -3.9126303e-23  1.2216021e-23  1.4773106e-23
   153 :  5.3332141e-04  1.1340867e-03  2.6684077e-03
   154 :  4.3041048e-14 -1.6609519e-13  3.3958370e-13
   155 :  8.2844346e-09 -1.4546776e-07  5.2702924e-08
   156 : -6.7114424e-16  4.9650200e-16  8.1395177e-17
   157 : -1.0991107e-02  5.3578735e-03  4.7182828e-03
   158 :  8.1016586e-01  8.6903867e-01  4.7103733e-01
   159 :  1.8857974e-12  1.1782101e-11 -1.3820126e-11
   160 :  3.2250552e-01  2.7012667e-01  6.8969771e-01
   161 :  5.8098129e-01  3.3800680e-01  1.2897505e-01
   162 :  6.1801299e-01  1.2844880e+00  1.1262497e+00
   163 :  6.3367920e-01  7.8202800e-01  1.1252882e+00
   164 : -3.3868061e-03  3.9277767e-03  5.0196746e-03
   165 : -9.2083702e-03  1.2867642e-01  4.9599714e-01
   166 :  4.8849521e-01  5.2513243e-01  8.5426224e-02
   167 :  4.5008835e-16 -9.9746689e-17 -2.3851043e-16
   168 : -2.3359955e-06 -4.1874338e-05  1.5618673e-05
   169 :  4.0710873e-15 -3.9086748e-15 -4.0360104e-17
   170 : -1.0434780e-07 -1.0588659e-07  4.6446836e-07
   171 : -2.1172211e-13  1.2288383e-13 -1.2990342e-13
   172 :  9.4440692e-08 -3.2036984e-07  7.8722898e-08
   173 :  7.7974710e-01  3.4675424e-01  5.9493998e-01
   174 : -3.4505666e-14  4.5020073e-14  3.3499193e-14
   175 : -6.0267812e-11  1.0712893e-10  5.7510536e-11
   176 : -4.6125459e-10 -1.9003552e-10  1.3405491e-09
   177 :  7.3490386e-01  5.0581277e-01  5.5610581e-02
   178 :  9.3927286e-01  4.5700968e-01  5.9124062e-01
   179 :  4.6832064e-01  5.0870497e-02  3.2169442e-02
   180 :  9.5904763e-01  7.5634413e-01  4.2045638e-01
   181 :  2.9552048e-01  6.2225729e-01  3.8002897e-01
   182 :  8.1153898e-01  1.1007362e+00  2.8138678e-01
   183 : -3.5717682e-16  2.6582924e-17  3.1419188e-16
   184 :  8.0580646e-02 -6.4178279e-02  6.3724300e-02
   185 :  5.7234690e-29 -1.4438986e-30 -3.0346460e-29
   186 : -4.4251947e-11 -1.1351881e-10  2.9246681e-10
   187 : -5.4545234e-02  6.6400315e-02 -2.2822982e-02
   188 : -4.9719335e-15  1.8666006e-15  8.4034935e-15
   189 :  1.8582228e-18 -1.0668015e-18  9.6846261e-20
   190 : -2.0735374e-02 -1.9761954e-02  1.4945747e-02
   191 :  5.1908056e-01  5.0238448e-01  2.3231619e-01
   192 :  7.4346883e-01  1.0899971e+00  1.0047011e+00
   193 : -3.2789649e-10 -1.9160480e-10  8.1823380e-10
   194 : -1.4700235e-15  8.7276329e-15 -4.1080402e-15
   195 :  2.9684941e-19  2.1507743e-19 -7.1725985e-19
   196 :  2.5433962e-13 -1.2982234e-13  4.8167967e-14
   197 : -5.1548198e-03  1.4495883e-01 -8.9390768e-03
   198 : -2.7761057e-19 -4.8791319e-19  1.1577083e-18
   199 : -2.8147754e-13  2.2197509e-13 -1.9850956e-13
   200 :  2.8513714e-19 -3.2830553e-18  1.4885640e-18
   201 : -3.4822274e-02 -1.8875204e-02  2.5812989e-02
   202 : -1.0839576e-01  1.8729813e-01  1.7660243e-01
   203 :  3.7166421e-19 -1.1655685e-19 -1.3174719e-19
   204 : -2.7629023e-03 -1.8820079e-03 -1.8657815e-02
   205 : -8.1756756e-02  1.2682271e-01 -4.3141241e-02
   206 : -2.0084276e-02  1.5297979e-02 -1.5683143e-02
   207 :  1.2235277e-17 -2.9495622e-17  4.4050712e-18
   208 :  4.9290210e-04  1.0945177e-02 -1.5525444e-02
   209 :  4.9527730e-19 -1.1748819e-18  1.8173239e-19
   210 :  6.7995545e-01  5.5970697e-01  1.3750173e-01
   211 :  7.5994833e-06  4.3164174e-05 -1.3592472e-04
   212 :  9.2131890e-01  4.4274814e-01  9.6805204e-01
   213 :  9.1239659e-01  8.7967981e-01  8.9779226e-01
   214 :  4.4007609e-06 -3.2468451e-06  4.2327779e-06
   215 : -4.3503793e-14  1.6648380e-14  8.5011793e-15
   216 :  4.0181965e-01  4.6628746e-01  1.4756256e-01
   217 : -5.1022215e-20  9.3996955e-20 -1.3352053e-20
   218 : -5.3278237e-03  3.1101458e-03 -9.1496156e-03
   219 :  7.5138206e-01  7.7732098e-01  3.4548324e-01
   220 : -7.1191067e-15  1.1092840e-14  5.1307475e-15
   221 :  3.8876348e-01  5.4895298e-01  5.7786634e-01
   222 : -2.3612735e-21  1.9890133e-21  1.6699310e-22
   223 :  3.7117922e-01  8.4610007e-01  4.0032612e-01
   224 :  1.4249342e-11 -2.2182229e-11 -2.0628345e-12
   225 :  2.4631468e-14 -1.0889278e-14 -1.3443807e-15
   226 :  2.0034997e-13 -6.8954748e-13  2.0859812e-13
   227 : -6.2686079e-18 -2.0406987e-17  1.1716095e-17
   228 : -2.5889815e-25  1.0537369e-25  3.7896351e-26
   229 :  2.1939011e-13 -1.9047991e-12  1.0003055e-12
   230 :  2.1874030e-17 -2.1110505e-18 -5.0672731e-17
   231 :  6.0069650e-07 -1.6977996e-06  3.0314975e-07
   232 : -1.7129495e-16 -2.5465678e-16  7.3271067e-16
   233 :  5.8004198e-01  6.9833199e-01  3.7931350e-01
   234 : -6.5754337e-14  1.7333404e-14  2.5684241e-14
   235 : -3.0758262e-15 -4.6812105e-15  9.1304059e-15
   236 : -5.4697589e-07 -1.2264950e-07  8.1405801e-07
   237 : -1.5147487e-02  6.8801156e-02 -6.3174683e-02
   238 :  3.6199951e-28 -1.1496822e-27  4.1401680e-28
   239 :  3.8986593e-01  7.0121912e-01  1.0075558e+00
   240 :  2.0678362e-15 -1.0718271e-15 -4.8960752e-16
   241 : -8.0199435e-04  2.4235015e-05  3.5984693e-04
   242 : -9.5840430e-09 -4.5513667e-10  4.3034817e-09
   243 :  2.5016066e-01  8.1413983e-01  2.5989633e-01
   244 : -1.6408917e-01  1.4034989e-01  3.7471816e-01
   245 :  2.7769979e-11 -1.0521523e-11  3.1636765e-12
   246 :  1.9637398e-29 -7.5318418e-30  1.8615934e-29
   247 : -1.8779998e-03  4.0379779e-04  1.3348981e-03
   248 :  4.0706728e-01  4.6503255e-01  8.9571659e-01
   249 : -1.2239145e-13  2.6681749e-12 -2.6053151e-12
   250 :  8.6947227e-01  8.2996483e-01  9.8704292e-01
   251 : -4.3498220e-11  1.3186797e-11  1.2443228e-11
   252 : -1.8019140e-01  4.0988315e-01  2.6039016e-01
   253 :  5.3102488e-10 -2.6715897e-10  1.1923787e-10
   254 :  1.5611826e-02 -7.0329716e-03 -4.2147637e-02
   255 : -2.1710221e-03 -2.0283461e-03  9.2198953e-04
   256 :  1.0066563e-05 -1.3082523e-05  1.9291696e-06
   257 : -3.6267108e-20  1.0056188e-19 -1.6779623e-20
   258 : -1.3505422e-14  5.0952417e-15  1.0875053e-15
   259 : -3.5591247e-27  1.8670151e-27  5.0377749e-27
   260 :  6.9708110e-22 -7.7402149e-22  1.2279484e-22
   261 :  1.0401716e+00  7.7326577e-01  1.1192962e+00
   262 : -2.7688721e-04  7.3763878e-04  2.3807175e-04
   263 :  1.2464668e-12  5.6389055e-13 -2.5065457e-12
   264 : -3.2471236e-17 -5.1532548e-17  1.4603532e-16
   265 :  1.8995068e-14  5.7449000e-14 -8.1250261e-14
   266 :  3.2687876e-10 -1.2538298e-09 -2.7402951e-10
   267 :  4.2142777e-01  1.1209701e-01  1.4832029e-01
   268 : -9.2716303e-05 -4.2897825e-05  5.5048368e-05
   269 : -6.1982275e-10  4.4188190e-09 -1.1938654e-09
   270 : -2.5982460e-09  4.6164486e-09  1.6306716e-09
   271 :  2.0748132e-10 -4.6871069e-10  7.9666232e-10
   272 :  2.8252220e-03  2.7454818e-02 -4.4319450e-03
   273 :  6.3195953e-08 -4.9285020e-07  8.0665403e-07
   274 : -5.4614764e-04  5.9916996e-03 -2.0977435e-02
   275 :  1.0700369e-17 -1.2716260e-17 -9.3939543e-18
   276 :  3.7294843e-10 -5.5028405e-10 -4.2138218e-10
   277 : -3.2674611e-14  5.6856046e-14  8.5586291e-15
   278 : -8.7746156e-05  5.9815523e-05  8.3062332e-06
   279 : -1.2716776e-06 -2.6542357e-07  5.8555795e-07
   280 :  3.8300967e-09 -8.4671096e-09 -3.6023657e-10
   281 :  3.6522824e-04 -1.4277933e-04  3.8590876e-05
   282 : -9.9061794e-23  3.6154527e-23  1.7572819e-22
   283 :  1.3323791e-01  6.8366826e-01  8.1873486e-01
   284 : -1.5117939e-07  7.4289569e-08  3.7588524e-08
   285 : -1.7428171e-08  1.5465032e-09  7.5145787e-09
   286 : -2.2328143e-05 -8.0414884e-07  8.2283346e-06
   287 :  5.0140662e-05 -3.1967835e-05  5.9747104e-05
   288 :  1.0399626e-20 -2.7829269e-20  7.1910400e-21
   289 :  4.9467430e-16 -3.3244890e-15  2.3966166e-15
   290 : -7.7142956e-15  9.1234531e-15  8.5951287e-15
   291 : -5.3629063e-05  4.5291663e-05 -7.6015465e-05
   292 : -2.6681014e-20  1.3756667e-20 -3.0009270e-21
   293 : -3.3443407e-15 -3.0478415e-16  1.6237050e-15
   294 :  1.0943481e-10 -1.2977375e-10 -1.2779067e-10
   295 :  6.7557410e-01  1.0710827e+00  1.1217631e+00
   296 : -1.1348561e-06 -5.1417836e-08  4.8557545e-07
   297 :  2.1684600e-03 -3.8709866e-04 -4.2405219e-04
   298 :  2.4315512e-13 -6.6991281e-13  1.6949298e-13
   299 : -2.0087853e-09  9.3516032e-09 -3.6568948e-09
   300 : -2.7927201e-09  1.0099903e-09  5.5348018e-10
   301 : -7.1976458e-06  5.5328175e-06  5.5928343e-07
   302 :  7.9557435e-01  7.1652916e-01  9.4405454e-01
   303 : -2.1287361e-12 -1.6603388e-11  2.4017498e-11
   304 : -1.5081506e-02  4.8574883e-01  2.6770616e-01
   305 :  1.5880018e-18  1.5413050e-17 -7.8197697e-18
   306 : -2.5671685e-16 -1.1342167e-16  1.6223532e-16
   307 : -5.7136530e-07 -8.6423313e-08  8.1405743e-07
   308 :  1.8167790e-04  1.8968263e-05 -3.1375621e-04
   309 :  3.5116440e-01  6.7167458e-01  1.5904327e-01
   310 :  2.8397545e-02 -2.1588973e-03 -2.0698812e-03
   311 :  1.7780412e-10  4.6708425e-11 -3.5432715e-10
   312 : -9.1530275e-06 -3.6118150e-05  1.6578989e-05
   313 :  3.0664967e-14 -7.2082022e-14  2.3001079e-14
   314 :  8.8118269e-01  6.0194193e-01  9.2483319e-01
   315 :  2.0186823e-06  5.8867229e-07 -1.0334937e-06
   316 :  1.6980464e-11 -5.2022816e-11 -1.5359928e-12
   317 : -7.2586199e-11  5.0948104e-11 -4.4602697e-11
   318 :  7.4718208e-02  2.1962498e-01  4.3086148e-01
   319 :  8.9177879e-06  1.2269043e-05 -4.2667867e-05
   320 :  1.0171167e-03  1.5539860e-04 -3.6565863e-04
   321 :  1.6200643e-06  1.3797912e-07 -7.3680715e-07
   322 :  3.6135534e-01  1.8997362e-01 -1.7587551e-01
   323 :  8.2069637e-02  1.1032446e-01 -3.2367416e-02
   324 :  7.7242881e-01  2.7848802e-01  5.3840791e-01
   325 :  2.2131103e-22  6.3323088e-22 -1.5172821e-21
   326 : -1.9574079e-07  1.4926789e-07 -2.2170106e-07
   327 : -4.1644067e-04 -2.6995063e-05 -3.0682017e-04
   328 :  1.5017671e-21 -6.5038781e-21  2.6114874e-21
   329 : -5.2969212e-02  6.9958210e-02  1.2785397e-01
   330 : -9.7517258e-04  1.1100144e-03 -8.9969609e-05
   331 :  4.0206954e-02 -1.4972672e-02 -6.4770231e-03
   332 :  6.2682322e-11 -9.5135849e-11 -7.0031341e-11
   333 : -4.5214749e-04  1.6028461e-03  3.5939196e-03
   334 :  7.9743585e-08 -3.3145160e-07  1.2314376e-07
   335 :  5.2169717e-12 -1.7932200e-12 -8.3852780e-13
   336 : -2.5105972e-08  1.3980026e-08  3.7691966e-09
   337 :  5.3407548e-11 -5.9995932e-12 -3.1508965e-11
   338 :  2.6720286e-08 -3.2113327e-08  5.8472601e-09
   339 :  7.6831079e-04 -8.9216140e-03  2.5284915e-03
   340 :  3.8259752e-20 -4.9998513e-20 -2.9033892e-20
   341 :  3.9604752e-11 -4.1686213e-11 -4.8465059e-11
   342 : -1.7247984e-12  3.5690638e-12  9.7538273e-13
   343 :  2.0413006e-08  5.6019557e-08 -2.8638651e-08
   344 :  4.7453954e-07 -4.3621138e-07 -5.0177571e-08
   345 :  2.0220696e-03 -2.5076548e-03  9.3511984e-06
   346 : -4.8554864e-06  1.2361724e-05  3.6442255e-07
   347 : -5.3844959e-08  1.1980907e-07  8.9125331e-09
   348 : -2.6658620e-21  4.6745389e-21  3.3095288e-22
   349 :  1.2523820e-04 -1.6019163e-05 -4.0307362e-05
   350 :  2.2847227e-07 -8.9194971e-08 -6.4881619e-08
   351 : -1.3448054e-02 -6.7726777e-03  4.4582954e-03
   352 :  4.4310960e-11  1.4771396e-11 -1.4716913e-10
   353 : -3.8914463e-03 -9.2154747e-03  3.3899643e-03
   354 : -9.8847330e-15 -8.8456142e-15  3.2219834e-14
   355 :  6.7769614e-10 -3.0612950e-10 -3.4264918e-10
   356 : -6.7890102e-14  2.1313722e-13 -7.1174683e-14
   357 :  7.2828167e-16  1.0328160e-15 -8.4361561e-16
   358 :  1.0483142e-08  1.2234652e-08 -3.5651209e-08
   359 : -1.0987127e-16 -6.7361764e-17  8.4518110e-17
   360 : -3.4618922e-10 -5.5867395e-10  4.2450815e-10
   361 : -1.4287116e-06 -1.2224910e-06  5.1207678e-06
   362 :  1.9265481e-12 -4.3121022e-13 -3.6028561e-12
   363 :  2.1433402e-08 -5.7125602e-08  6.5017282e-09
   364 : -8.5856897e-10 -1.0236100e-09  3.2509198e-09
   365 :  4.8982210e-05 -2.6011194e-05 -1.2477543e-04
   366 :  7.8134985e-01  7.3121155e-01  6.9368948e-01
   367 :  4.9366418e-01  3.5915932e-01  9.6912285e-02
   368 : -1.4039880e-06 -1.2007083e-06  7.2088889e-06
   369 : -3.7677989e-02  1.3086263e-01 -1.1395805e-02
   370 : -4.0273307e-23  1.5687449e-22 -2.4665328e-22
   371 :  1.2138178e-01  6.1650938e-02 -4.2117904e-02
   372 :  2.4762386e-27  1.0461307e-26 -1.5499690e-26
   373 : -1.9522594e-15  1.9561671e-15 -2.9963051e-15
   374 :  4.0175079e-15 -8.0790658e-16 -1.7619246e-15
   375 : -7.7647915e-10  1.0055938e-09  7.0366931e-10
   376 :  6.9002341e-09 -7.9291199e-08  3.3636963e-08
   377 : -4.4167979e-11  1.9759501e-11  7.9944842e-12
   378 :  1.4079487e-18 -5.8880815e-18  3.4071405e-18
   379 :  3.0294338e-03  2.2836640e-03 -7.6241369e-04
   380 : -1.5422230e-08  7.0878830e-08 -4.3084809e-08
   381 :  2.0297596e-13  3.6410492e-13 -2.6215584e-13
   382 :  3.5385588e-17  3.7388126e-17 -1.1477790e-16
   383 :  1.2741054e-28 -1.9212023e-28  2.6095476e-28
   384 :  1.1479442e-13  4.1982253e-14 -7.1387224e-14
   385 :  3.2660731e-02 -2.4267077e-02 -4.0967383e-02
   386 :  2.3968868e-11 -3.3633789e-11 -2.4182404e-11
   387 : -3.1097562e-18  9.1811490e-18 -2.5266291e-18
   388 : -4.9489747e-09  4.6613193e-09  6.0141007e-10
   389 :  1.4055948e-12 -5.7284704e-13 -2.8706653e-12
   390 :  7.0162855e-13 -4.1375379e-13  1.9569625e-13
   391 : -2.9387325e-02 -3.0786503e-02  1.0451699e-02
   392 : -5.7627390e-12  2.0879995e-12  9.1986323e-13
   393 :  3.7745698e-10 -9.0120131e-10  1.4179990e-10
   394 :  4.7187088e-11 -3.0273780e-11 -6.0502419e-12
   395 : -1.3676566e-07  1.1952819e-07 -2.1973556e-07
   396 :  8.8635852e-06 -4.1875921e-05  1.5464248e-05
   397 : -6.9311405e-03  1.5734177e-03  1.8750083e-03
   398 :  2.8332263e-20  8.3564856e-20 -1.5834126e-19
   399 :  2.2347144e-13  2.5332218e-13 -8.6131700e-13
   400 :  2.0609091e-12 -4.3907479e-12 -2.4178185e-14
   401 : -2.4161827e-05 -4.9960916e-05  2.2557730e-05
   402 :  6.0968852e-04 -3.9834440e-04  1.1494683e-05
   403 : -5.8699979e-09  1.6236114e-08 -4.4402698e-09
   404 : -1.2895629e-11 -5.2356864e-13  1.5462633e-11
   405 : -7.8949885e-12  1.7532697e-11 -3.3792702e-11
   406 : -5.2364196e-04  7.0783304e-05  8.5170682e-05
   407 : -6.1233521e-14  1.5747742e-14  5.6732859e-14
   408 :  7.0572565e-17 -1.2806031e-16 -5.0546294e-18
   409 :  1.6740788e-10 -1.2652297e-10  1.4205602e-10
   410 :  2.0227703e-13 -2.5829614e-13  2.7840129e-14
   411 :  1.4892357e-09  3.1069697e-09 -1.8682817e-09
   412 :  4.6893850e-08 -2.5623600e-09 -3.4393765e-08
   413 :  3.4705568e-10  6.5461351e-09 -7.3776945e-09
   414 : -9.3023479e-11  5.2091579e-10 -1.2712307e-09
   415 : -1.0771880e-10  1.2672242e-10  1.2954190e-10
   416 : -1.4612653e-17  1.0150636e-17 -6.6836637e-18
   417 :  8.2678366e-04  3.3687726e-04  1.4770722e-03
   418 :  4.7579139e-06 -3.7916596e-06 -7.6057806e-06
   419 : -5.0037631e-04  1.1659930e-04  2.6495195e-05
   420 : -3.2500557e-04  6.7216186e-04 -4.4139601e-05
   421 : -4.3983193e-06  5.4576984e-06 -9.4618078e-06
   422 :  1.2255582e-22  9.6799949e-22 -5.2240471e-22
   423 : -1.6338983e-10 -2.9065565e-10  9.8364124e-10
   424 : -1.6669557e-02  6.5537978e-02 -4.8127664e-03
   425 : -5.6701101e-20  1.3457102e-20  3.0264657e-20
   426 : -2.0812563e-08 -8.8064608e-08  4.7151579e-08
   427 :  2.3889449e-03 -1.3521164e-02 -1.9511223e-02
   428 : -4.4913147e-13 -6.0527187e-14  5.2840571e-13
   429 : -1.5804924e-13  2.5131103e-14  6.8184669e-14
   430 :  2.0711286e-03 -1.9625728e-03  1.3297450e-04
   431 :  1.6705898e-06  8.7913652e-06 -4.7046251e-06
   432 :  2.2999904e-04 -1.5973055e-04 -3.4558165e-05
   433 :  7.7691876e-12 -2.7095561e-11  8.5854959e-12
   434 : -4.4766360e-13 -2.9482217e-13  2.6857871e-13
   435 :  4.2512035e-07 -1.0625442e-06  3.2599983e-07
   436 :  4.3756126e-01  1.9151798e-02  3.2163632e-01
   437 :  2.1095552e-10  1.6910108e-09 -9.9212737e-10
   438 :  6.9642556e-01  1.0784666e+00  8.4382620e-01
   439 :  5.8557017e-01  1.5798916e-01  5.4322949e-01
   440 :  8.0865021e-12 -3.4352707e-09  3.2916452e-09
   441 :  2.8212691e-18  4.6852416e-19 -1.5841319e-18
   442 :  9.3939064e-01  8.6926982e-01  7.4985141e-01
   443 : -4.4917876e-15  1.8684111e-15  7.2743113e-16
   444 :  4.8668137e-10  2.2126568e-10 -2.9338974e-10
   445 :  2.5150168e-21 -1.8549993e-21 -3.6025707e-21
   446 : -2.0586681e-03  8.0248480e-04  3.3809707e-03
   447 :  5.9814052e-12 -2.5964922e-12  1.6737641e-12
   448 :  4.3975817e-17 -6.8604761e-17  1.1457885e-17
   449 : -2.6757419e-04 -3.9679384e-04  1.5729998e-04
   450 :  2.8384479e-06  4.0958283e-06 -2.7259571e-06
   451 :  2.6743847e-01  4.0325609e-01  5.7399366e-01
   452 :  5.4976862e-09  1.5865847e-09 -2.3855808e-09
   453 :  4.9208787e-13 -5.2746532e-11  5.2761745e-11
   454 :  2.0286228e-03 -5.4393274e-04  1.6704844e-03
   455 : -1.2742474e-05 -3.3588377e-05  6.2081425e-05
   456 :  4.3541114e-11  1.0233743e-10 -6.3746439e-11
   457 : -3.9722760e-11  1.1827227e-10 -3.8700964e-11
   458 :  4.2090750e-01  4.6633083e-01  3.2516363e-02
   459 :  1.3025950e-05 -3.6764341e-05  8.4428494e-06
   460 :  3.9619895e-25 -3.9705757e-25 -4.2388515e-25
   461 :  1.9077307e-10 -3.9509691e-11 -6.3403601e-11
   462 :  2.3657411e-06  1.3359147e-06 -6.9861659e-06
   463 : -2.0728466e-11  4.7743192e-11  9.5672251e-13
   464 :  3.9698194e-18 -1.7916022e-17  6.3939242e-18
   465 : -2.0807421e-02 -1.7604026e-02  1.9658972e-02
   466 : -2.1518681e-12  5.4846018e-12 -9.6316939e-12
   467 : -7.5880544e-12  8.8509480e-13  4.9362342e-12
   468 : -6.1240933e-04 -6.0092682e-04  3.4012222e-04
   469 :  4.1325639e-01  8.7824669e-02  5.6747267e-01
   470 :  2.6002412e-18 -1.6134237e-18  8.2384923e-19
   471 :  8.4519906e-04  1.0585904e-03 -5.7295944e-04
   472 :  2.5521343e-01  3.9801809e-01  7.9318080e-01
   473 : -4.9735241e-19 -6.0660393e-19  1.6312974e-18
   474 :  4.1696072e-06  8.5467999e-07 -2.0854178e-06
   475 :  5.2194188e-12  1.0095451e-13 -5.8663160e-12
   476 : -2.9231861e-06  5.7971348e-06 -3.3622717e-07
   477 : -5.6203796e-19 -1.8321068e-18  1.1060482e-18
   478 : -1.3165046e-06  1.1787986e-06 -6.4872551e-06
   479 :  3.2339157e-03 -1.6667519e-02  1.4756410e-01
   480 : -6.3964605e-03  5.6600788e-03 -1.0061140e-02
   481 : -4.0356275e-07  1.8844984e-06 -7.2590465e-07
   482 :  8.9086083e-12  8.7901496e-13 -1.1966588e-11
   483 :  1.5730686e-06 -6.0563334e-07 -9.7979874e-08
   484 :  2.1870112e-03  5.7578583e-04 -1.0167668e-02
   485 : -1.6478869e-09  2.0014828e-08 -9.2834552e-09
   486 :  1.8653023e-05  1.7447170e-05 -6.1038396e-05
   487 : -4.1366366e-07  8.7470252e-07 -2.1601807e-07
   488 :  4.3548565e-16 -1.6632968e-16 -2.3028267e-17
   489 : -3.5741681e-07  3.4071220e-07  4.4516354e-07
   490 : -4.4461905e-25  1.9604536e-25  5.0867417e-26
   491 :  7.1284904e-04 -9.4673205e-04  4.1410414e-03
   492 :  5.2628618e-12 -1.9944444e-11  7.0193132e-12
   493 : -7.0911603e-12  5.6848968e-12 -4.8509007e-12
   494 : -2.0163241e-09  6.2760758e-10  5.5679114e-10
   495 : -5.6810176e-06  6.8042895e-06  1.1542472e-05
   496 :  1.8172017e-16 -1.7285211e-16 -6.3999155e-17
   497 : -9.9907131e-09  2.2913572e-09  3.5198689e-09
   498 :  8.8668717e-04  1.4425110e-03 -6.3694057e-04
   499 : -7.9966509e-03 -3.1203193e-02  3.9684809e-02
   500 : -8.4038997e-06  2.3643145e-05 -5.3056591e-06
   501 :  2.1563918e-17  1.3301941e-17 -5.1247939e-17
   502 : -1.2061031e-06 -2.8765392e-07  1.0885516e-06
   503 :  2.3877073e-05 -7.3722277e-05 -3.3129182e-05
   504 : -3.4860691e-13  1.1024125e-11 -3.7588636e-12
   505 :  7.1895821e-02 -3.6568734e-02  9.9006644e-02
   506 :  3.6109328e-13  2.2446545e-13 -7.0019083e-13
   507 :  8.4310436e-04 -2.8130210e-04 -1.0451171e-04
   508 : -3.6723449e-14  5.3433168e-14  3.4045113e-14
   509 : -4.5561308e-16  4.6806880e-16  4.4926302e-16
   510 : -4.3519069e-04  1.0761280e-03 -1.7840393e-04
   511 :  1.6396304e-03 -1.3945519e-02  2.5867551e-03
   512 :  1.2382835e-20  5.2918728e-22 -1.3194444e-20
   513 : -1.3095993e-12  3.0182300e-12 -7.3424150e-13
   514 :  1.4725906e-10 -3.3112015e-11 -3.4612189e-10
   515 : -3.8520277e-11  2.9358841e-11  2.0846305e-12
   516 :  2.6735054e-06  2.5829150e-06 -1.8495462e-06
   517 : -4.0485593e-03  9.8126819e-02  2.2027202e-01
   518 :  2.6410929e-16  9.9707883e-16 -6.0952920e-16
   519 :  8.4286327e-08 -3.0381286e-07  1.6037789e-07
   520 : -3.5506051e-18  3.5220922e-18 -4.1568379e-20
   521 : -3.0871722e-15  4.0491794e-15  2.5344940e-15
   522 : -2.9060201e-10  1.6302768e-09 -6.6634190e-10
   523 :  3.9354687e-23  1.8422067e-23 -2.7817704e-23
   524 :  1.1674373e-01  1.8394153e-01 -3.1882135e-02
   525 : -3.2136538e-12  2.8414223e-11 -2.6939524e-11
   526 :  3.6092701e-09  1.4854637e-10 -2.9463279e-09
   527 : -1.1837262e-16  1.8747518e-16 -2.6300604e-16
   528 : -3.5125977e-04 -3.2947854e-04  2.0240104e-04
   529 :  4.3310853e-17 -2.5365007e-17 -1.1141661e-17
   530 :  1.9930246e-08  1.2562317e-08 -1.2943191e-08
   531 :  1.6241522e-11  1.0003506e-11 -4.2779104e-11
   532 :  7.6152117e-10  5.6713806e-10 -5.4207604e-10
   533 :  7.1557575e-19 -1.9217422e-18  5.1483574e-19
   534 : -1.1653690e-03  5.9295024e-03  9.4233951e-04
   535 : -8.6291359e-08 -5.9261543e-08  6.0005651e-08
   536 :  3.5186394e-05  4.9088078e-06  2.5503337e-04
   537 : -1.3921786e-04 -1.9056642e-04  6.0909461e-04
   538 : -4.7040970e-05  1.7143551e-04 -5.3206137e-05
   539 : -3.6789029e-14  6.6969290e-15  1.5790477e-14
   540 :  5.3817143e-04 -1.4069035e-04  3.2283680e-04
   541 :  3.6855904e-17  3.5824547e-18 -4.3035214e-17
   542 :  3.7243319e-04 -9.5227839e-05  3.3361896e-04
   543 : -4.3586714e-14  3.7919575e-14  2.1061530e-15
   544 :  1.8356059e-06 -1.6200976e-05  1.9063923e-05
   545 :  4.6763129e-01  1.9288874e-01  5.5576631e-01
   546 :  4.6051188e-09 -2.0096132e-09  4.0145524e-10
   547 : -3.9518957e-11  4.1227037e-12  1.0379788e-10
   548 :  9.7045371e-02  1.1700112e-01  4.9165810e-01
   549 : -6.1326696e-19  2.4709453e-19  1.6305751e-19
   550 : -3.6258367e-13  1.5056001e-13  6.9420270e-14
   551 : -1.8337764e-12  1.1272681e-12 -5.2829260e-13
   552 :  1.4163437e-10 -1.9193344e-09  7.9631898e-10
   553 :  5.1114468e-01  7.0988978e-01  4.8513051e-01
   554 : -2.0718271e-10 -4.9049807e-10  2.3312943e-10
   555 :  1.8228170e-12 -2.9743330e-12 -9.1458353e-13
   556 :  5.4834679e-01  1.6579301e-01  1.0812065e-01
   557 :  2.9326315e-04 -4.0999888e-05 -9.5125660e-05
   558 : -1.4855676e-02 -1.9342378e-02 -2.7740075e-02
   559 :  2.1966012e-09 -8.3378508e-09  2.0513224e-08
   560 :  1.5989393e-20 -5.2639813e-20  9.6891035e-21
   561 :  7.2359634e-05 -6.7873127e-05 -1.7819118e-04
   562 :  2.5934558e-11  1.2963117e-12 -8.5776894e-12
   563 : -5.8041048e-13 -2.5014985e-13  1.6676556e-12
   564 :  1.3715099e-10 -2.0371628e-10 -5.5597399e-11
   565 :  4.6335665e-01  6.8609525e-01  8.3860914e-01
   566 :  2.0647205e-09  2.7072093e-09 -7.3110276e-09
   567 :  3.3295784e-09 -2.3289923e-09  3.2881148e-09
   568 : -5.0316464e-14  2.6108642e-14 -1.6910779e-14
   569 :  2.3459132e-07 -2.3074440e-07 -3.4591290e-07
   570 : -7.7851962e-12  1.2072213e-12  6.7719392e-13
   571 : -3.3436833e-07 -4.4238964e-07  5.9378765e-07
   572 : -5.0765441e-24 -5.2850380e-24  1.5393475e-23
   573 :  1.3468832e-06 -1.8351174e-06 -1.4468051e-06
   574 : -7.3974195e-03 -1.2022181e-03 -6.2150330e-05
   575 :  2.7636617e-11 -1.9708634e-11  7.7059985e-11
   576 : -3.4635458e-04 -3.8526492e-04 -6.8146433e-05
   577 :  5.1076622e-12 -4.1459689e-12  5.1768951e-12
   578 : -5.1170502e-16  3.3894816e-14 -8.1800968e-14
   579 :  6.2267599e-02 -2.5530257e-02  9.8753973e-03
   580 : -2.3575723e-07  1.4518985e-07 -1.3037770e-07
   581 :  3.3128023e-13 -1.5194448e-12 -6.3690307e-13
   582 : -7.4394240e-16  2.0826822e-15 -4.2405503e-16
   583 :  4.8538477e-19 -3.9244486e-19  3.3961233e-19
   584 :  3.5031650e-05 -1.4353832e-04  4.3905668e-05
   585 :  7.0103394e-01  7.6216282e-02  3.5575807e-01
   586 : -1.9805432e-15 -8.7885669e-15  1.9819744e-14
   587 :  4.5762027e-01  8.6226155e-01  4.6358539e-01
   588 : -7.8223303e-14  2.0530175e-15  2.9222253e-14
   589 : -4.2975712e-12  1.4803384e-11 -2.6790981e-12
   590 :  9.5455273e-02  5.7612548e-03  2.4360822e-01
   591 : -1.3593987e-12 -1.2300504e-12  1.2497117e-12
   592 :  6.8931125e-01  5.3786632e-01  5.2327675e-01
   593 :  7.3257170e-01  5.4776463e-01  3.6235463e-01
   594 : -1.4166718e-08 -5.4842290e-07  2.3040459e-07
   595 :  3.4509475e-08 -3.7115318e-09 -3.3049913e-08
   596 : -5.0100218e-12 -1.6771254e-12  1.7661329e-11
   597 :  7.9063018e-01  2.9091256e-01  1.6854380e-01
   598 : -5.1005314e-12  4.8511560e-12  8.0906625e-12
   599 :  2.7206914e-11  1.2317446e-11 -6.8069169e-11
   600 :  1.4649124e-11 -2.0142083e-11 -1.6079409e-11
   601 :  8.1834348e-01  4.7389797e-01  7.2266207e-02
   602 : -1.5531153e-11 -2.4328657e-10  9.0300254e-11
   603 : -5.5208108e-04 -1.5884547e-04  6.1514042e-04
   604 :  2.6576175e-25 -2.9547716e-24  2.4215939e-24
   605 : -3.9887858e-22 -3.3386776e-22  3.6412297e-22
   606 :  9.7603615e-19 -1.8163373e-19 -1.7444813e-18
   607 : -4.8479833e-08  2.3495253e-08  7.6780719e-08
   608 : -1.5825418e-14  1.3341535e-14  1.8873486e-14
   609 : -1.0395438e-16  6.4109330e-18  9.1978826e-17
   610 :  1.0694760e-13 -3.2283606e-13  9.9862550e-14
   611 :  5.8274271e-10  2.3847317e-09 -1.4587344e-09
   612 : -1.4934473e-05  8.7060007e-06  3.0990121e-05
   613 :  1.9057182e-04 -5.0527416e-05 -3.8982670e-04
   614 : -2.5012600e-21  1.3113187e-21  3.8119798e-21
   615 :  2.7203815e-20 -2.3838918e-19  1.8143754e-19
   616 : -6.5969705e-14 -5.9917595e-14  1.8408135e-13
   617 : -8.9522257e-27 -1.2423559e-27  5.0361789e-27
   618 :  1.5220085e-04  7.5837055e-04  1.9280580e-04
   619 :  9.0929124e-02 -2.8506979e-02  1.7049406e-01
   620 :  2.2502764e-01  1.1700933e-01  4.1730855e-01
   621 : -1.2090739e-08 -3.6858035e-09  6.8945378e-09
   622 : -9.5260153e-15  8.4507135e-15 -8.5567359e-15
   623 :  6.2573186e-16  6.2574300e-16 -7.0583286e-18
   624 :  9.4816996e-17  2.6471787e-17 -4.4671156e-17
   625 :  3.4770150e-05 -1.3852073e-04  5.5004955e-05
   626 :  3.1000677e-14  1.4188880e-13 -4.1888470e-13
   627 : -3.7657151e-06 -6.3478838e-06  5.7635341e-05
   628 :  4.9065071e-06 -9.4067462e-06 -1.2088225e-05
   629 :  6.4915268e-04 -5.1154590e-06  4.7039926e-04
   630 :  2.8975638e-13  2.1581659e-13 -4.5340356e-13
   631 : -3.3551369e-13  7.8362767e-13 -1.5882428e-13
   632 : -5.7732096e-12 -1.9765386e-11  9.0555658e-12
   633 : -4.2841101e-09  1.2248631e-08  1.6059236e-10
   634 : -1.6224928e-09 -3.3968456e-08  4.0235257e-08
   635 : -8.5933870e-19  1.5952882e-18 -9.5082916e-19
   636 :  4.0803574e-12  1.5703420e-12 -2.3924809e-12
   637 : -9.6617680e-08  1.8952299e-08  2.8496903e-08
   638 :  6.2393716e-08  6.0601839e-08 -1.7906307e-07
   639 :  1.5355245e-09  2.1048857e-09 -1.3486935e-09
   640 : -1.3175461e-10  1.7278529e-11  1.0780790e-10
   641 : -2.6414761e-16  2.2608883e-18  1.3551698e-16
   642 :  4.5324882e-16 -5.7957642e-16 -3.7813278e-16
   643 : -6.8467302e-03  1.5212191e-03 -3.1168923e-03
   644 : -1.5597723e-03  6.7788035e-02 -8.8789199e-03
   645 : -5.5576851e-08  1.0368366e-07  2.3876688e-08
   646 : -2.1911488e-08  2.0492516e-08 -2.6101833e-09
   647 : -9.0536550e-10 -6.5041979e-09  2.6267938e-09
   648 :  6.5683183e-10 -1.9176047e-10 -2.0840227e-10
   649 : -3.1071973e-19  1.5461807e-19  5.2748539e-19
   650 : -6.4119743e-08  3.3708287e-08 -2.7329335e-08
   651 : -2.9981808e-08  7.0947353e-07 -2.7935903e-07
   652 : -1.1170461e-23 -1.1650379e-23  3.4970373e-23
   653 :  2.2702508e-24 -5.6240836e-24  1.8662812e-24
   654 :  5.1121187e-12 -1.5426028e-12 -7.5219263e-13
   655 : -3.6245159e-12 -6.3984049e-12  1.3564006e-11
   656 :  1.2240524e-18  1.1314653e-18 -3.5919622e-18
   657 : -3.3985526e-17 -1.4667905e-17  2.3542479e-17
