Number of elements 658
     0 :  3.2595813e-05  1.5167195e-05 -3.0942669e-06
     1 :  5.2667945e-06 -7.2020796e-06 -1.0457960e-05
     2 : -6.1006166e-08  2.3875995e-08  1.1091148e-07
     3 : -2.3727394e-20  6.0680054e-20 -1.6419152e-20
     4 : -1.7577239e-15  1.9059254e-15  1.8621951e-15
     5 : -3.6746767e-14  1.2643958e-14  3.6990525e-15
     6 : -1.3582594e-12  4.1027842e-12 -1.9929052e-12
     7 :  3.6541382e-04 -5.0791428e-04 -2.2679200e-04
     8 :  9.0524773e-04 -8.6009680e-04  1.8491376e-03
     9 : -5.9558877e-16 -4.7041608e-16  1.6745651e-15
    10 : -1.8988538e-13 -4.3484006e-14  1.0565038e-13
    11 : -7.1022178e-17  3.0174953e-16 -1.5239419e-16
    12 :  5.8141302e-01  6.5548733e-01  6.7502554e-01
    13 : -4.7783158e-10 -4.2225470e-10  4.0485241e-10
    14 :  6.1299840e-06 -9.9290152e-07 -1.7350847e-06
    15 :  1.5365172e-02  2.2043734e-01  1.9809464e-01
    16 :  3.6697902e-01  1.0737241e-01  1.8451366e-01
    17 : -4.8050036e-21 -2.8483759e-22  3.2587577e-21
    18 : -3.0982373e-11  8.1797801e-12  1.3568006e-11
    19 : -9.3838986e-12  1.6384931e-11  1.0749154e-11
    20 : -6.7186773e-15  1.4260637e-14  1.1577143e-15
    21 :  3.7480884e-03  6.5232826e-03  3.2429340e-04
    22 :  5.0145310e-10  3.4975369e-10 -2.7661974e-10
    23 :  2.2035291e-01  5.5168950e-01  8.8088381e-01
    24 :  6.6129302e-01  3.5022990e-01  1.6755930e-01
    25 :  2.8653501e-01  1.7440158e-01  5.2158023e-01
    26 : -1.4440917e-04  2.8599780e-04  5.0022398e-05
    27 : -4.6414405e-16  3.5184026e-16  9.0477997e-16
    28 :  3.0188991e-08  1.0928375e-09 -1.1423300e-08
    29 :  3.0926343e-01  8.8041556e-01  6.6179555e-01
    30 : -4.3215171e-18  1.1323430e-17 -6.7578785e-18
    31 : -2.7573447e-01  6.1371906e-01  3.3597979e-01
    32 :  3.4239042e-01  5.9765309e-02  4.6945125e-02
    33 :  1.4893508e-06 -1.1337486e-07 -9.0744561e-07
    34 : -8.5530463e-12 -6.1844467e-13  3.5272569e-12
    35 :  2.3830888e-19  2.3373245e-20 -1.2391253e-19
    36 :  2.7608545e-01  2.8384976e-01  5.5069029e-01
    37 :  1.2155132e-05 -5.5043828e-06  2.3309730e-06
    38 : -1.0461713e-01  2.9450804e-01  1.4513551e-01
    39 :  5.9339736e-06 -3.8830439e-05  1.0106778e-05
    40 :  8.4664424e-11 -3.6294600e-11 -2.3393251e-10
    41 : -1.4448280e-02 -1.5271744e-02 -2.3576491e-02
    42 : -1.8772983e-16  5.5125064e-16 -9.8966126e-17
    43 : -1.8381322e-03 -4.2195523e-04  3.6348719e-03
    44 :  6.5480053e-01  7.7133564e-01  2.0811059e-01
    45 :  2.2933057e-02  2.0569531e-01 -2.9171084e-02
    46 : -6.7391437e-07  1.6766883e-07  3.3924481e-09
    47 : -3.9363865e-20  2.0954855e-20 -5.5114911e-21
    48 :  1.6453238e-07 -1.7522662e-08 -1.2803285e-07
    49 :  8.8580374e-01  9.9781573e-01  3.7196726e-01
    50 : -1.1837783e-05 -3.6864387e-06  3.3552632e-06
    51 :  1.9488509e-03 -8.9411587e-03 -2.2930923e-03
    52 : -1.5113579e-02  5.7510264e-02 -5.9104093e-02
    53 : -3.7603739e-07  2.8903106e-07 -6.2769432e-07
    54 :  3.6005716e-01  8.0391612e-01  8.1696826e-01
    55 :  8.1744515e-01  6.0744056e-01  3.1858730e-01
    56 :  7.1187735e-01  4.3139027e-01  4.1270199e-01
    57 : -1.1030871e-01  2.6643102e-01 -9.2227914e-02
    58 :  7.1698618e-23  7.3188257e-23 -2.2261526e-22
    59 :  1.0603155e-03  7.5832340e-04 -6.3332183e-04
    60 :  2.2359562e-04 -1.7984514e-03 -2.0374150e-03
    61 :  8.1191521e-01  3.4872642e-01  2.6671546e-01
    62 :  2.6081353e-11 -3.8986399e-11  6.7032849e-12
    63 :  1.5534543e-01  4.5732791e-01  4.6787015e-01
    64 : -3.9938802e-12  8.2708460e-12 -2.4283088e-12
    65 : -5.6217337e-03 -1.4810867e-03 -3.7504107e-03
    66 :  9.8594100e-13 -1.1738149e-12 -1.2969742e-12
    67 :  7.8064043e-01  2.6312893e-01  6.1247244e-02
    68 :  7.8546126e-01  5.1372767e-01  7.5099400e-01
    69 : -3.7014067e-02  1.0188718e-02 -1.4422526e-02
    70 : -2.1063687e-05  4.1186068e-05 -2.7430862e-06
    71 :  3.5597895e-03 -1.2735331e-04 -1.2751766e-03
    72 :  5.3914148e-03 -3.1634899e-02 -5.2300511e-03
    73 :  2.3720101e-04 -1.5298904e-04 -3.1928861e-04
    74 : -9.1096337e-17  1.4598474e-16 -4.7938509e-17
    75 :  6.5215391e-17 -2.4600850e-17 -1.9010322e-17
    76 :  3.5243642e-04  9.1773278e-03  4.9045447e-03
    77 :  8.7835125e-11 -1.3770865e-11 -7.1836520e-11
    78 :  1.5846231e-09  2.2308057e-10 -1.4782005e-09
    79 :  9.4628248e-16 -2.3505848e-16 -1.7971017e-15
    80 :  2.3001886e-18 -3.2660019e-18 -4.6054799e-20
    81 :  1.6740532e-10 -2.4772369e-10  3.7440407e-10
    82 : -1.0054463e-19 -7.4681959e-19  1.6617412e-18
    83 : -5.2273512e-11 -9.3181541e-11  2.3301571e-10
    84 :  2.0914727e-03 -7.9720871e-03  6.9776700e-03
    85 :  4.7416633e-05 -8.0919910e-05  4.2978903e-04
    86 :  2.8667247e-15  5.9060894e-15 -1.1537693e-14
    87 : -7.2821095e-13  2.9037040e-12 -8.5005609e-13
    88 :  7.3267548e-01  9.1852922e-01  8.6406021e-01
    89 : -1.9649022e-06  4.1545031e-07  3.6441552e-07
    90 : -7.2998394e-03  4.7895149e-04  5.5364032e-03
    91 :  4.0056340e-01  9.4789907e-01  4.0460569e-01
    92 : -1.1687988e-07 -1.4168559e-08  9.9902012e-08
    93 :  1.6439349e-05  3.4229496e-05  1.1315325e-04
    94 :  5.4914473e-01  8.2831564e-01  3.9676358e-01
    95 :  3.0109228e-01  7.4134341e-01  4.5573996e-01
    96 :  5.8053861e-09  1.0150071e-08 -1.9679946e-08
    97 :  5.6779473e-01  7.8504962e-01  5.6034543e-01
    98 :  5.1926625e-03  4.0716816e-05 -7.0070946e-04
    99 : -1.3575526e-10  2.4329555e-10  1.4042439e-10
   100 : -3.1974424e-10  2.0102493e-10 -2.6504572e-10
   101 :  3.9897974e-07 -5.3114131e-07 -9.4722533e-07
   102 :  7.0452542e-01  7.9231057e-01  9.9919694e-01
   103 : -8.9184947e-02  3.2937427e-01 -1.4679657e-01
   104 : -9.4878156e-06 -1.7163803e-05  3.8338034e-05
   105 : -9.5876616e-14  6.7149803e-14  1.7123046e-14
   106 : -5.0578847e-06  1.2257876e-05  1.8872241e-05
   107 : -6.9737109e-14  1.0292836e-13  1.0190126e-14
   108 :  1.9233652e-13 -1.1702539e-13 -3.2247224e-14
   109 : -2.0583288e-10  3.5775274e-11  7.7500715e-11
   110 :  2.2209092e-03 -2.1698099e-03  1.4251484e-03
   111 :  1.3174926e-10 -7.8559334e-11  5.7664221e-11
   112 :  9.9797335e-05 -6.4935879e-05 -1.4203248e-04
   113 :  8.4846623e-03 -5.8401869e-03 -1.3790965e-02
   114 :  2.6928166e-01  6.3834382e-01  9.9577016e-02
   115 : -9.0092497e-02  1.1811542e-01  3.5216984e-01
   116 : -1.1539736e-11  2.1279709e-11  1.9074889e-11
   117 :  4.2257166e-05 -1.0071155e-04  1.9198475e-05
   118 :  7.5841476e-02 -2.5693522e-02  6.8397248e-03
   119 : -9.9401032e-09  1.3921697e-08 -2.4304889e-08
   120 :  7.2930979e-01  3.8555186e-01  9.8235305e-01
   121 :  4.9401229e-13  6.0671293e-14 -2.2506660e-13
   122 :  7.0423355e-01  1.2389386e-01  4.4267373e-01
   123 :  4.4398281e-02  2.9038112e-01  1.0787645e-01
   124 : -6.2748768e-06 -5.6830685e-06  1.9360752e-05
   125 : -1.3936180e-13  2.3973539e-14  4.2014366e-14
   126 : -2.6449811e-08  7.4331167e-08 -2.2204752e-08
   127 :  7.2151550e-12 -6.8618138e-12 -1.5910481e-12
   128 :  2.6746762e-08 -1.2359311e-07  3.4213799e-08
   129 :  5.9524084e-02  7.3334473e-02  6.3653851e-01
   130 : -1.7682497e-10 -1.1754968e-11  2.2261220e-10
   131 : -1.0763416e-01  3.3215133e-01  5.9472363e-01
   132 : -4.3672302e-13  1.6496542e-12 -6.7594963e-13
   133 :  2.7383257e-16 -6.8301052e-17 -1.3038037e-16
   134 :  1.3632155e-01  1.2816103e-01  5.6241301e-01
   135 : -5.4940093e-02  7.8518106e-02 -3.7626643e-02
   136 :  2.6059988e-08  9.6707194e-06 -6.6893199e-06
   137 :  2.5000963e-21  1.1079680e-21 -4.4356928e-21
   138 :  1.7598115e-14 -2.5382908e-14 -1.0926792e-14
   139 : -9.6382565e-04  3.1345263e-03 -9.2771356e-04
   140 : -1.0425063e-06  1.9711245e-06 -4.9578055e-07
   141 : -3.2135027e-11  3.2530434e-11  2.9494501e-12
   142 : -8.0281612e-02  1.8010051e-03  2.8914074e-01
   143 :  3.8166377e-10 -2.3899916e-10  1.3926065e-10
   144 : -2.6202493e-08 -3.0819523e-08  1.2313253e-07
   145 : -1.4326902e-19  5.8024654e-17 -1.4224376e-16
   146 :  1.2229202e-03 -2.4765546e-04 -3.4646414e-03
   147 :  7.0507261e-01  2.5266167e-01  2.0958818e-01
   148 : -1.2965278e-12  3.0450706e-12 -6.5150001e-13
   149 : -7.5491801e-04  9.6697174e-04  4.0884686e-04
   150 :  4.8735550e-12  7.7604349e-12 -4.4352206e-12
   151 :  6.7866631e-01  5.8716623e-02  7.7725017e-01
   152 : -3.5328700e-19  1.2352450e-19  1.0702015e-19
   153 : -2.8832086e-02  2.7870007e-03  8.4926914e-04
   154 :  4.5787100e-11 -1.2880011e-10  2.8766106e-10
   155 : -5.9368571e-07 -3.5868758e-06  1.2112038e-06
   156 : -2.7134510e-12  3.1721042e-12 -2.1221921e-13
   157 : -4.6789753e-02 -2.0621819e-02 -4.1328402e-04
   158 :  6.0604434e-01  6.4603854e-01  4.9614889e-01
   159 :  1.2941654e-09  2.7929473e-09 -5.2772492e-09
   160 :  1.9950784e-01  2.5624118e-01  6.2088078e-01
   161 :  5.5001253e-01  3.7842045e-01  1.7305661e-01
   162 :  6.6879514e-01  7.4914406e-01  8.3401004e-01
   163 :  4.0456633e-01  2.4784334e-01  6.8884500e-01
   164 :  8.0732559e-03 -1.8722766e-02  4.6739636e-03
   165 :  1.4038877e-01  2.7502530e-01  5.4919804e-01
   166 :  4.4528182e-01  6.1541153e-01  1.1988491e-01
   167 :  6.7632575e-13 -1.9228493e-13 -2.5490685e-13
   168 :  2.8273981e-05 -1.8780230e-04  2.8795586e-05
   169 :  3.0202326e-12  1.4637836e-12 -2.0215576e-12
   170 : -5.6029420e-07 -1.1208946e-06  4.2671831e-06
   171 : -2.0939325e-10  8.3493194e-11 -1.5140069e-10
   172 : -5.9006662e-07 -1.4940449e-06  6.8284771e-07
   173 :  6.2570026e-01  1.5613423e-01  3.4689849e-01
   174 :  5.0227152e-12 -6.6300380e-12 -4.0890894e-12
   175 :  5.0203559e-09 -4.1574580e-09 -1.0168925e-08
   176 : -1.8652059e-08  2.3497637e-09  5.8045848e-08
   177 :  7.3572281e-01  5.7899821e-01  1.2674898e-01
   178 :  7.3708345e-01  5.0027459e-01  2.7210078e-01
   179 :  6.5819692e-01  9.3874415e-02  1.8409456e-01
   180 :  1.0347350e+00  7.0663128e-01  5.0567646e-01
   181 :  2.0519371e-01  4.5432189e-01  3.0257522e-01
   182 :  6.2239532e-01  9.5294369e-01  1.0290980e-01
   183 :  3.3715627e-13 -1.8591014e-13  8.6392792e-14
   184 :  3.4252583e-01 -1.2248647e-03  2.5986330e-01
   185 :  1.6554857e-23 -2.4919887e-23  2.8940334e-24
   186 : -1.9310424e-08  1.5862251e-08  3.4679328e-08
   187 : -1.1212752e-01  3.2928156e-01  1.7159512e-01
   188 : -6.2419484e-12  7.1557324e-13  1.2548528e-11
   189 :  6.9578456e-16 -5.7833701e-16 -4.2646007e-15
   190 : -4.1913807e-02  5.9318545e-04  3.1652359e-03
   191 :  4.4170840e-01  4.2060356e-01  1.3793462e-01
   192 :  7.6084176e-01  9.1786525e-01  9.1300009e-01
   193 : -1.2553233e-08 -8.6542200e-09  3.8403669e-08
   194 :  6.3091586e-13 -1.5044622e-12  5.4383833e-13
   195 :  7.2748145e-16 -1.4017117e-15 -9.2820142e-17
   196 : -5.3908699e-11  2.4734391e-13  5.3974093e-11
   197 :  1.5516122e-02  1.8368052e-01  2.4375817e-02
   198 :  5.4377956e-16 -1.2793065e-15  1.3445237e-15
   199 : -1.0760229e-10  9.1328283e-11 -1.1303684e-10
   200 :  2.9468376e-15 -1.9193837e-14  7.9950833e-15
   201 :  7.5412898e-03  2.4492953e-02  2.0695274e-01
   202 : -1.5525929e-01  3.6625809e-01  3.5904577e-01
   203 :  1.2932787e-15 -1.2940059e-15  5.9280865e-17
   204 :  1.8953315e-02 -1.6555523e-02  2.7824416e-02
   205 : -1.4742168e-01  3.4288937e-01 -1.3851450e-01
   206 : -1.9076234e-02 -2.3949712e-02 -8.7906777e-03
   207 :  1.9622827e-14 -4.0736444e-14 -5.7116413e-16
   208 : -4.9993245e-02  1.5944655e-02 -4.4863931e-02
   209 :  1.3106133e-15 -3.2486754e-15  6.0451131e-16
   210 :  7.3625033e-01  4.5195560e-01  2.6455767e-01
   211 :  1.8275390e-04 -2.4659379e-05 -2.4956960e-04
   212 :  9.7698749e-01  5.1393933e-01  1.0183470e+00
   213 :  6.2319884e-01  7.6272143e-01  5.2844354e-01
   214 :  1.2421159e-05 -5.5969889e-06  1.2971745e-05
   215 : -4.5303134e-11  1.3892298e-11  1.4340011e-11
   216 :  4.7835177e-01  4.0710795e-01  1.0359943e-01
   217 : -3.1103894e-16  3.9800774e-16  6.5738162e-17
   218 : -1.3814295e-02  1.4616943e-03 -7.7866158e-03
   219 :  4.5306629e-01  5.8917042e-01  1.6508306e-01
   220 : -1.3609942e-11  2.4542190e-11  1.2676747e-11
   221 :  7.2696001e-01  2.0466441e-02  1.0593872e+00
   222 : -2.4517359e-17  7.9614777e-18  9.0739583e-18
   223 :  4.1780084e-01  6.2922479e-01  2.5800212e-01
   224 :  1.8693878e-09 -2.8597746e-09 -8.6897833e-10
   225 :  1.7431732e-11 -6.1674805e-12 -2.5782550e-12
   226 : -2.0714981e-11  8.0137390e-11 -3.1942312e-11
   227 : -3.8846379e-14 -3.3209399e-14  2.8488711e-14
   228 : -1.9627473e-20  1.0415514e-20 -3.7050536e-21
   229 :  1.7815085e-10 -9.5751723e-10  4.4138796e-10
   230 : -1.1628476e-14 -1.8418640e-14  3.9595016e-14
   231 :  4.4652535e-06 -1.3418610e-05  9.4618099e-07
   232 : -1.0996661e-13 -2.4655674e-13  7.6551582e-13
   233 :  5.5878627e-01  5.2627010e-01  1.9071616e-01
   234 : -1.1436432e-10  3.2255207e-11  2.7727854e-11
   235 :  2.5256808e-13  4.0406258e-13 -4.2156115e-13
   236 : -2.0330306e-06 -1.3662674e-06  6.4411758e-06
   237 : -5.0404822e-02  1.8064105e-01 -1.3943164e-01
   238 :  2.2077797e-23 -1.6728687e-22  1.2094648e-22
   239 :  4.7964096e-01  7.7297661e-01  1.0918918e+00
   240 :  3.1821309e-12 -1.1770470e-12 -9.7430326e-13
   241 : -1.8626473e-03 -1.3800365e-04  6.7662111e-04
   242 : -3.5959688e-07  3.6879239e-08  1.1880277e-07
   243 :  2.8604861e-01  6.8519724e-01  2.9352022e-01
   244 : -1.9513474e-01  2.8936109e-01  6.6327182e-01
   245 :  3.2584023e-09 -1.5744852e-09  3.2564861e-09
   246 :  2.6934571e-24  4.7794057e-24 -1.3199191e-24
   247 : -6.6947575e-03  1.6961817e-03  9.1643366e-04
   248 :  5.3302785e-01  4.8159218e-01  7.9062406e-01
   249 :  3.6855910e-11  1.1225499e-09 -1.3878773e-09
   250 :  8.5749785e-01  7.8772311e-01  7.2261155e-01
   251 : -5.4249439e-09  6.6613574e-10  4.8480089e-09
   252 : -1.5905715e-01  5.8705693e-01  4.7845757e-01
   253 :  3.8252536e-08 -1.7257597e-08  1.7914853e-08
   254 : -1.6056051e-02 -5.9690528e-02  5.5566277e-02
   255 : -7.1107571e-03 -1.9070587e-03  1.2908234e-03
   256 :  4.7900402e-05 -1.0097557e-04  7.9700052e-06
   257 : -4.2696478e-17  9.2243096e-17 -2.9969290e-17
   258 : -1.0232922e-11  2.9474735e-12  4.2780225e-13
   259 : -3.7194631e-22 -2.8618300e-22  1.0300299e-21
   260 :  1.8036272e-18 -7.6351047e-18  3.4278062e-18
   261 :  6.0396094e-01  6.9657409e-01  7.9689734e-01
   262 : -3.7469246e-04  1.5900554e-03  9.5870663e-04
   263 :  3.7549397e-10  1.0270319e-10 -6.1948513e-10
   264 :  2.0770599e-13 -9.4413131e-14  3.9062402e-14
   265 :  3.0354878e-11  3.6174623e-11 -1.2354860e-10
   266 : -8.5337755e-09  1.4560556e-08 -2.1391065e-08
   267 :  4.0997775e-01  1.3702038e-01  9.7579196e-02
   268 : -5.2435628e-04 -4.4672107e-05  1.5406249e-04
   269 : -1.9423426e-07  2.0208736e-07  3.7117655e-08
   270 : -3.8534939e-08  1.0379430e-07  3.8787567e-08
   271 :  2.7669605e-08 -4.6067048e-08  8.0075489e-08
   272 :  9.8517053e-02  6.8313674e-02 -3.4848755e-02
   273 :  1.2952938e-05 -2.0157439e-05 -1.1160995e-05
   274 : -1.2256592e-02 -2.2047124e-02  1.3408498e-02
   275 :  3.5679229e-15 -3.9427477e-15 -4.1800855e-15
   276 : -1.3574353e-08  1.5680042e-08  1.9430925e-08
   277 : -7.1999067e-12  1.2838640e-12  1.0808589e-11
   278 : -2.0440705e-04  3.9357895e-04 -7.0244416e-05
   279 : -9.1130478e-06  1.1291376e-05 -1.9220103e-06
   280 :  1.8174333e-07 -4.5863426e-07  7.4577128e-10
   281 :  1.1650027e-03 -3.4053815e-04  2.7797853e-04
   282 : -1.5198946e-18  1.4336374e-18  2.1199414e-18
   283 :  2.2226209e-01  5.9843451e-01  6.5901635e-01
   284 : -2.7271645e-06  2.2765528e-06  1.7984227e-07
   285 : -6.7935918e-07 -1.7011711e-08  3.0435382e-07
   286 : -1.2319265e-04 -3.2212065e-05  3.9396072e-05
   287 : -5.5658857e-04  3.6342095e-04 -4.0004441e-04
   288 : -1.0679174e-17 -2.9237774e-17  5.4072668e-17
   289 : -7.0464457e-14  2.2542393e-13 -5.0673297e-14
   290 : -1.4733584e-11  2.0855562e-11  1.9432216e-11
   291 : -2.0997819e-04  7.9419576e-05 -2.4979133e-04
   292 : -1.1636187e-16  9.1554326e-17 -9.5711141e-17
   293 : -1.1899823e-12  1.5077813e-12 -1.9302779e-13
   294 :  1.2328255e-08 -1.8125163e-08 -1.7263160e-08
   295 :  5.5676776e-01  9.8239926e-01  8.9283952e-01
   296 :  6.7642865e-06 -3.9701334e-06 -2.6221176e-06
   297 :  3.6985757e-03  3.5615077e-03 -2.6328530e-04
   298 : -3.6509722e-11  8.8699022e-11 -2.1481644e-11
   299 : -6.7908754e-08  9.1712254e-08  3.5795676e-08
   300 : -2.4648331e-07  1.0037144e-07  3.9637961e-08
   301 :  6.9603215e-05 -7.7469513e-06 -2.0391684e-05
   302 :  5.8079732e-01  5.6944632e-01  9.2574959e-01
   303 :  7.7643764e-10  1.5699796e-09 -4.2230190e-09
   304 :  1.1055492e-01  5.2874469e-01  3.9455630e-01
   305 : -1.0919114e-14  5.7403982e-15  2.3078465e-15
   306 :  7.7925191e-14 -1.8971665e-13  3.6696767e-14
   307 : -1.0513896e-05  2.4196102e-07  1.0940616e-05
   308 :  1.0684794e-03 -1.3475596e-03  2.4433449e-03
   309 :  2.9593663e-01  6.0598964e-01  2.4014470e-01
   310 :  5.0953782e-02  2.9325690e-03 -1.2703312e-02
   311 :  2.7212416e-08 -6.5001987e-09 -1.6893824e-08
   312 : -8.6187377e-05 -2.2846795e-04  8.5485112e-05
   313 :  5.7757004e-12 -9.0954122e-11  3.4716174e-11
   314 :  8.0335451e-01  5.7651242e-01  7.8295677e-01
   315 :  2.2455707e-05  9.5544063e-06 -9.5185085e-06
   316 :  1.9824087e-09 -4.6443071e-09 -3.4893762e-09
   317 : -5.6549152e-09  2.6914829e-09 -1.6431027e-09
   318 :  1.0786310e-01  3.6888059e-01  5.3522413e-01
   319 :  1.6286909e-05  2.1854855e-05 -1.3205844e-04
   320 :  1.6665184e-03  4.8470690e-04 -1.3561402e-04
   321 :  1.3669090e-05 -5.5410407e-06 -2.3978552e-06
   322 :  7.5152408e-01  1.4468940e-01 -1.6720946e-01
   323 :  1.0009963e-01  1.5882263e-01 -9.0660746e-03
   324 :  6.7267484e-01  3.1123341e-01  3.8946253e-01
   325 :  8.6322480e-19  6.7915034e-18 -1.5215859e-17
   326 : -1.3268905e-06  2.6810866e-07  6.3363925e-07
   327 :  4.7173799e-03 -1.4186568e-03 -1.5277270e-04
   328 : -1.4676619e-18 -9.6639434e-18  8.1917182e-18
   329 : -6.3488162e-02  1.3517334e-01  2.2384139e-01
   330 : -2.8551293e-03  1.4398265e-03  3.8648659e-04
   331 :  6.2888821e-02 -4.8315516e-03 -8.4362096e-03
   332 :  8.3322055e-09 -1.6294335e-08 -1.3882783e-08
   333 :  3.8893058e-03 -3.4084942e-03 -6.9439088e-03
   334 :  2.4378413e-06 -6.7708617e-06 -1.0516968e-06
   335 :  1.2017572e-09 -2.8621909e-10 -2.7893345e-10
   336 : -1.3621181e-06  6.1670087e-07  1.8009038e-07
   337 :  1.9894070e-08 -6.2632959e-09 -8.4811571e-09
   338 :  5.2965736e-07 -7.0808600e-07  1.7258885e-07
   339 : -7.4939287e-04 -9.3790357e-03  9.5162409e-04
   340 :  4.4808835e-17 -3.3490110e-18 -9.7951740e-17
   341 :  2.5956322e-09 -3.1873131e-09 -4.6329379e-09
   342 : -6.8292792e-10  1.7236092e-09  7.3843798e-10
   343 :  8.7267780e-07  3.6295127e-07 -2.1922367e-07
   344 :  1.0248703e-05 -4.2750379e-06 -2.7669118e-06
   345 :  2.3316252e-04 -4.9176895e-03  6.0596714e-04
   346 : -1.3236985e-05  3.2302399e-05  3.5969408e-05
   347 : -1.2445305e-06  2.9799122e-06  4.7166078e-07
   348 : -2.8481564e-17  2.7527483e-17  1.4637038e-17
   349 :  7.6002912e-04 -9.8803041e-05 -1.6996771e-04
   350 :  4.0312124e-06 -6.8156694e-07 -1.3869752e-06
   351 : -1.1808597e-02 -8.4252316e-03 -1.7086080e-03
   352 : -4.2419704e-09  1.3312536e-08 -1.7041837e-09
   353 : -6.9265249e-03 -1.3960314e-02  1.6665029e-03
   354 :  4.2576755e-12 -2.2943799e-12 -8.2453950e-12
   355 :  7.9258457e-08 -3.5791990e-08 -2.6275288e-08
   356 :  3.9616014e-12 -2.8409308e-11  2.1629176e-11
   357 :  2.2964787e-12  2.0256134e-12 -1.9889276e-12
   358 :  4.0566186e-07 -6.0131468e-08 -8.9359867e-07
   359 : -5.8561332e-13 -6.5770756e-13  5.4677305e-13
   360 : -2.2607978e-08 -9.4048027e-09  1.2338155e-08
   361 : -1.1640103e-05 -5.2782683e-06  4.2387482e-05
   362 :  6.8881786e-10 -2.0870464e-10 -1.3075702e-09
   363 :  2.9356742e-07 -6.9688015e-07 -1.0532794e-07
   364 : -4.1536873e-08 -6.9409248e-08  2.4070237e-07
   365 :  6.7198837e-05 -1.9181196e-04 -2.8641184e-04
   366 :  4.2106466e-01  5.8463373e-01  4.9570292e-01
   367 :  6.5950153e-01  4.3773935e-01  1.7792748e-01
   368 :  8.0771675e-06 -1.4960251e-06 -1.0997941e-05
   369 : -2.8790574e-02  2.1245832e-01  2.3076897e-02
   370 : -8.0493243e-19  2.3216663e-18 -3.1863068e-18
   371 :  2.8373066e-01  3.6693606e-01 -3.3180626e-02
   372 :  7.7287469e-22  8.3456048e-22 -2.5262156e-21
   373 :  1.3864344e-12 -8.0034654e-14 -2.1002698e-12
   374 :  2.3238116e-12 -1.0939099e-12  8.5011239e-13
   375 : -2.1287833e-08  1.4355594e-08  4.1020718e-08
   376 : -5.2158634e-08 -1.4434612e-06  6.1283097e-07
   377 : -7.5568131e-09  4.8312078e-09  2.6808628e-10
   378 :  7.1753095e-16 -2.2385001e-15  1.1373303e-15
   379 : -3.2058713e-03  1.7015194e-04  3.0468756e-03
   380 : -1.1404161e-07  1.2658410e-06 -1.1802846e-06
   381 :  1.9513722e-12  2.1643174e-10 -8.2445094e-11
   382 :  1.3249597e-13  1.2656780e-14 -3.1523650e-13
   383 :  6.1703643e-23 -5.5385538e-23  5.2554662e-23
   384 :  8.4647450e-11  4.8811120e-12 -3.7961064e-11
   385 :  3.1267996e-01  7.0378152e-02 -2.6548188e-02
   386 :  4.9881627e-09 -8.5261453e-09 -6.2321044e-09
   387 : -1.6875657e-14  6.2302195e-14 -2.1501652e-14
   388 : -2.9864327e-07  1.2986081e-07  6.6307614e-08
   389 : -1.9308084e-10  1.1585864e-10  3.6805933e-10
   390 :  1.9844729e-10 -9.3289152e-11  4.9787781e-11
   391 : -4.5023758e-02  1.6904018e-02 -2.4860689e-02
   392 : -1.5538325e-09  6.0339328e-10 -1.0823733e-10
   393 :  3.5611579e-08 -7.8396180e-08  2.2689775e-09
   394 :  9.7360993e-09 -5.0696936e-09 -1.6864161e-09
   395 : -1.7384327e-06  5.0919291e-07 -3.0940355e-06
   396 :  3.1692374e-05 -2.1033933e-04  5.3696181e-05
   397 : -1.2631660e-02  6.7432436e-05  1.9508894e-03
   398 :  1.3890747e-16  4.2464988e-16 -8.1394930e-16
   399 :  8.6809273e-11  1.4917545e-10 -4.2718210e-10
   400 :  7.5249406e-10 -1.5674146e-09 -1.5375321e-10
   401 :  9.2762301e-06 -7.9398357e-05 -9.1167811e-06
   402 :  1.2441158e-03 -1.5216517e-04 -1.9358558e-04
   403 : -1.3598570e-07  2.7685056e-07  4.7917184e-08
   404 : -1.8311647e-09 -3.5379957e-10  3.1070582e-09
   405 : -4.8637812e-09  8.9425297e-10  1.4124839e-09
   406 :  4.0555509e-03 -9.9205812e-04 -9.2728752e-04
   407 : -9.7880176e-11  1.7049629e-11  6.7451763e-11
   408 :  7.1446364e-13 -1.1958057e-12 -2.2563760e-13
   409 :  3.2376200e-08 -1.6601196e-08  1.9027119e-08
   410 :  7.4295764e-11  9.1094328e-11 -4.5173902e-11
   411 :  1.3979270e-07  2.4498915e-07 -1.2252673e-07
   412 :  1.1318988e-06  1.5633479e-07 -1.1622000e-06
   413 :  6.4553854e-08  2.9694712e-07 -4.4332741e-07
   414 : -2.6705802e-08  3.8217828e-08 -9.9299800e-08
   415 : -8.5192037e-09  1.3314575e-08  1.0880521e-08
   416 : -5.4659085e-14 -6.4689041e-15  6.3096146e-14
   417 : -2.8424316e-02  5.3503183e-03  9.9726565e-04
   418 : -6.5726843e-05 -1.4893944e-06  1.5740152e-04
   419 :  3.7758113e-03 -9.4901180e-04 -1.1172196e-03
   420 : -3.8805973e-04  9.0090692e-04  7.6754722e-05
   421 : -4.5399535e-05  4.1214878e-05 -8.5531950e-05
   422 : -1.0016077e-17  1.1177810e-17 -4.5814618e-19
   423 : -1.2329457e-07  1.1348462e-08  1.0633460e-07
   424 :  2.6166199e-03  1.2057493e-01 -4.5183542e-03
   425 : -1.7704414e-16  5.1466221e-17  7.2584534e-17
   426 : -1.0792383e-06 -2.3750773e-06  1.2301347e-06
   427 : -1.5733217e-02  1.2696068e-02  6.2569624e-03
   428 : -1.1785900e-10  2.7960858e-11  1.0368302e-11
   429 : -4.4348977e-11 -6.7841453e-12 -5.3302822e-13
   430 :  1.9796315e-03  3.5311065e-03  6.5273636e-03
   431 :  3.5711935e-05  1.5162121e-05 -1.1983507e-05
   432 :  1.0050608e-03 -3.2619982e-04 -2.6126544e-04
   433 :  5.2753429e-10 -5.6834970e-09  1.9542741e-09
   434 : -2.7327371e-10 -2.2722617e-10  1.1732202e-10
   435 :  6.1366037e-06 -6.1771076e-06  3.9082576e-07
   436 :  5.0378754e-01  8.3675967e-02  2.4951614e-01
   437 : -2.0198474e-09  1.7132180e-07 -6.1887170e-08
   438 :  5.7212024e-01  8.5273274e-01  7.6366930e-01
   439 :  5.1941581e-01  1.8232844e-01  4.3002707e-01
   440 : -4.6373401e-08 -1.1527202e-07  2.4640722e-07
   441 :  2.8973339e-15  9.9982422e-16 -1.6683128e-15
   442 :  6.0091107e-01  7.8778831e-01  7.4867863e-01
   443 : -9.5848312e-12  4.2376818e-12  8.8363249e-13
   444 :  4.9930767e-08  2.8161624e-08 -2.6386283e-08
   445 :  1.8341321e-17 -2.2129855e-17 -2.1404114e-17
   446 :  2.4612126e-03  8.9184569e-03 -1.1944114e-02
   447 : -1.5130349e-09  1.0235923e-09 -6.5416276e-12
   448 :  2.7482107e-15 -3.0346485e-14  1.1077596e-14
   449 :  1.3726528e-04  5.0297158e-04 -5.1144221e-04
   450 :  2.5598344e-05  3.4864432e-05 -1.6386970e-05
   451 :  8.7087531e-02  2.0424640e-01  4.1058211e-01
   452 :  1.9935524e-07  9.1611087e-08 -6.5268847e-08
   453 : -7.4243537e-10 -5.3632199e-09  7.3659096e-09
   454 :  7.6858374e-04  1.4425082e-03 -1.1462512e-03
   455 :  4.7973861e-04  2.6418388e-04 -5.3855638e-04
   456 : -1.4950371e-09  1.2548135e-08 -3.6548343e-09
   457 : -3.4650057e-09  1.1608339e-08 -3.7929610e-09
   458 :  4.9893296e-01  3.4418215e-01  3.4003482e-02
   459 :  7.0495776e-05 -1.9635313e-04 -8.5412300e-06
   460 :  2.3732412e-20 -2.8888138e-20 -2.2449886e-20
   461 :  3.9798664e-08  1.0312828e-08 -1.4983907e-08
   462 :  2.1379114e-05  4.0627878e-06 -6.6320134e-05
   463 :  2.8225803e-09 -8.6614028e-09  2.5394683e-09
   464 :  5.0653535e-15 -2.6520978e-14  8.9757797e-15
   465 : -1.8012140e-02  5.5175652e-03  1.9212027e-01
   466 : -6.1331670e-10  1.0680963e-09 -1.8767453e-09
   467 : -1.2544322e-09  2.1347813e-10  4.9945762e-10
   468 :  6.2518303e-03  1.2276215e-03 -2.8390162e-03
   469 :  4.8269797e-01  1.6588703e-01  4.6082501e-01
   470 :  2.4619729e-15 -1.0699450e-15  2.9295473e-16
   471 :  1.8021136e-03  2.1474650e-03 -3.5591643e-04
   472 :  1.7214376e-01  2.2802379e-01  5.7517633e-01
   473 : -1.0829825e-15  5.6522534e-16  1.8613386e-15
   474 :  1.9213049e-05  5.3865163e-06 -8.0075825e-06
   475 :  7.3059901e-10  3.1388460e-11 -8.8690290e-10
   476 : -1.1956771e-05  2.9712745e-06 -1.6863416e-06
   477 : -1.8053208e-15 -4.6856238e-15  2.7363504e-15
   478 :  1.0445844e-04 -1.7203168e-06 -1.1733421e-04
   479 :  1.8255316e-02  3.4036372e-02  1.9393974e-01
   480 : -2.9754676e-02 -1.0111821e-04 -1.9221158e-02
   481 : -5.6447074e-06  1.6473295e-05 -4.8668350e-06
   482 :  2.0723207e-09  4.7401833e-10 -3.6492779e-09
   483 :  5.2079489e-06 -1.4127991e-06  1.7461789e-06
   484 : -1.0073210e-02 -1.4892278e-03  2.4010070e-03
   485 :  9.5098924e-07  1.1201529e-07 -4.6063528e-07
   486 : -4.0099484e-05 -1.2189848e-04  1.6876860e-04
   487 : -5.3309998e-06  1.5280746e-05 -3.7616324e-06
   488 :  4.8827064e-13 -1.1019739e-13 -1.5292710e-13
   489 : -4.6641821e-06  4.2919762e-06  6.8412886e-06
   490 : -9.6895986e-21  4.0646164e-21  1.4929098e-21
   491 : -1.1502237e-02  7.3669764e-03 -1.1462756e-02
   492 : -1.7806229e-11 -1.8716810e-10  9.5272912e-10
   493 : -6.7156186e-10 -5.4845700e-10  1.7337377e-09
   494 : -1.4287662e-07  3.2426591e-08  3.7552105e-08
   495 : -1.2930601e-05  3.6496580e-05  2.1604393e-06
   496 : -9.0684864e-13 -2.7040560e-13  2.8522133e-13
   497 : -5.3007829e-07  1.2104442e-07  9.1478941e-08
   498 :  1.1099208e-03  1.8880780e-03  1.5053872e-04
   499 :  1.5366975e-01 -2.6182611e-02  2.1810184e-01
   500 :  2.9921757e-05 -9.6096641e-05  4.7685492e-05
   501 :  1.3374341e-14  6.7710614e-15 -3.0197287e-14
   502 : -1.0514378e-05 -5.6001313e-06  1.9204638e-05
   503 :  1.1107129e-04 -3.1868193e-04 -2.2426691e-04
   504 : -4.7898989e-10  3.0309833e-09 -6.1726774e-10
   505 :  2.6200101e-01 -6.8757518e-03  1.6533971e-01
   506 : -2.0901870e-11 -1.2754693e-10  2.7159311e-10
   507 :  6.5443725e-04  6.4055572e-04  1.6539870e-04
   508 :  4.5878844e-12 -5.0582707e-12 -4.4417725e-12
   509 : -7.2819595e-13  9.3404355e-13  5.7319286e-13
   510 :  1.7310145e-03  1.6548059e-03 -3.2574678e-04
   511 : -9.0695649e-03 -8.3067371e-03 -9.3325961e-04
   512 :  7.3150988e-17 -1.4216507e-18 -6.6502354e-17
   513 : -4.1839242e-10  1.5789449e-09 -3.4094737e-10
   514 :  7.4265305e-09  4.0739856e-09 -3.3717796e-08
   515 : -1.6357323e-09  3.5811691e-09 -5.7099642e-10
   516 :  2.6930752e-05  1.4838721e-05 -9.6288538e-06
   517 :  8.5642848e-02  2.5812169e-01  4.9271201e-01
   518 :  1.9000179e-13  7.7862748e-13 -4.5140145e-13
   519 :  4.1155467e-07 -1.3632500e-06  1.0029945e-06
   520 : -4.7842628e-15 -1.1791251e-14  8.0339142e-15
   521 : -4.0139608e-12  1.1045888e-11 -2.2165421e-12
   522 : -5.5887885e-08  3.5274209e-08  6.6999016e-09
   523 :  3.1083294e-19  6.1444166e-19 -4.4061244e-19
   524 :  3.5731812e-01  2.2577944e-01  4.8892838e-02
   525 : -8.1190584e-10  6.3049566e-09 -7.1099826e-09
   526 :  2.1160586e-07  1.1534188e-08 -1.2203721e-07
   527 : -8.7324030e-15  1.9022855e-15  2.3019499e-15
   528 : -2.3370128e-04  1.6993541e-03 -1.0334448e-03
   529 :  6.7397775e-14 -3.0365841e-14 -1.9986865e-14
   530 :  2.7254062e-07  5.3463758e-07 -2.3587386e-07
   531 :  1.4687080e-09 -2.2965409e-09 -1.9202324e-09
   532 :  4.9765431e-08  4.4675762e-08 -3.1745329e-08
   533 :  4.2131615e-15 -6.7192445e-15  7.0993103e-16
   534 : -3.1417776e-02 -9.7759287e-03  6.8229029e-03
   535 : -2.4402509e-06 -1.8694202e-06  1.4082832e-06
   536 :  1.0476244e-04  6.5509754e-04 -1.4787539e-03
   537 : -3.0555450e-04 -5.2110364e-05  1.6225954e-03
   538 :  8.8498839e-05 -7.1560099e-05 -9.2472198e-05
   539 : -3.0973217e-11  1.9417102e-12  1.5036777e-11
   540 : -2.9297122e-03 -2.3945566e-03  1.3683290e-03
   541 :  2.2771889e-15 -3.3478911e-15  9.1569513e-15
   542 :  1.7885882e-03 -8.2551838e-05 -2.9762012e-04
   543 : -1.6900636e-11  1.4799857e-11  4.8814279e-13
   544 :  5.5195605e-05 -8.1791874e-05 -2.0466842e-05
   545 :  5.2845987e-01  2.6286282e-01  5.0599271e-01
   546 :  2.7159675e-07 -9.9277242e-08  5.5174509e-08
   547 : -1.8098376e-09 -3.8961097e-09  1.0980479e-08
   548 :  1.9053234e-01  1.2071378e-01  4.6899910e-01
   549 : -1.9402130e-15  1.0279385e-15  5.1480501e-16
   550 : -2.4236872e-10  2.3492082e-10 -2.4102478e-11
   551 : -4.0846380e-10  2.6896213e-10 -2.1842086e-10
   552 : -2.4264891e-08 -1.0682025e-07  4.7154829e-08
   553 :  7.0339100e-01  8.6893282e-01  5.0306937e-01
   554 : -1.1938210e-07 -5.6100662e-09  3.3777570e-08
   555 : -4.2657306e-10  5.0064131e-10  4.3251559e-10
   556 :  5.4465528e-01  1.2187542e-01  2.3478902e-01
   557 :  2.6399738e-03 -2.9596742e-04 -3.1468888e-04
   558 :  1.5977449e-02 -2.1972040e-02  1.1707150e-01
   559 :  1.7241961e-07 -2.1520002e-07  7.5019055e-07
   560 :  2.5437911e-17 -1.7340064e-16  6.2955457e-17
   561 : -1.4216002e-04 -2.3414754e-05  4.1965628e-05
   562 : -2.1418227e-09 -3.0364664e-09  1.6692528e-09
   563 : -3.4393835e-10 -1.4200391e-10  1.2728656e-09
   564 : -6.7283713e-09  1.5125673e-08 -7.3243558e-09
   565 :  4.4180168e-01  7.7483034e-01  7.5028628e-01
   566 : -6.6499966e-08  2.8490402e-07 -1.1736582e-07
   567 :  2.0040247e-07 -9.9197980e-08  2.4356273e-07
   568 : -2.2602824e-11  6.3027608e-12  1.0210650e-12
   569 :  6.2987884e-07 -2.5063042e-06 -7.1652864e-07
   570 : -7.6762230e-10  9.2733488e-10 -1.9444455e-09
   571 :  9.6594734e-08 -6.6585106e-06  1.1615128e-05
   572 : -9.1186665e-20 -1.8818070e-19  4.2632932e-19
   573 : -2.5372863e-06  3.9759442e-06 -3.3995919e-06
   574 :  5.9876015e-03 -3.1553292e-03 -1.7236596e-03
   575 : -2.2925022e-09  1.6308662e-09  1.1133200e-08
   576 :  5.7430233e-03 -1.1365000e-03  4.9060998e-03
   577 :  1.2241068e-09 -4.0949553e-10  2.1854966e-10
   578 : -7.6689238e-12  9.2046522e-12 -2.8292231e-11
   579 :  2.0959632e-01  4.6752634e-03  1.6844612e-01
   580 : -4.8192829e-07  1.4723071e-06 -4.5719792e-06
   581 : -1.1832260e-10 -7.5970002e-10  2.0559678e-10
   582 :  1.4852460e-14  6.6169191e-15  1.2199613e-16
   583 :  9.8955259e-16 -6.9836566e-16  6.2843271e-16
   584 :  6.5602698e-05 -2.8743641e-04 -1.5075311e-04
   585 :  3.9964753e-01 -2.7423046e-02  2.2927879e-01
   586 : -6.8945492e-14  1.2016145e-12 -2.3410720e-12
   587 :  4.0488791e-01  7.8417327e-01  2.4530094e-01
   588 : -1.1650840e-10 -2.0775848e-11  4.0518811e-11
   589 : -1.4861322e-09  4.4575036e-09  9.3929503e-10
   590 :  1.6978608e-01  9.5391447e-02  4.8406279e-01
   591 : -2.5622761e-10 -2.4996593e-10  2.3500633e-10
   592 :  8.0096264e-01  5.7488818e-01  4.9193274e-01
   593 :  4.9443273e-01  6.5007237e-01  3.1132670e-01
   594 :  6.6854780e-06 -3.6834582e-06 -1.5981144e-06
   595 :  7.2746148e-07  1.0060478e-07 -1.1972334e-06
   596 : -1.2100573e-09  5.0384917e-09 -5.9220936e-10
   597 :  5.7849673e-01  2.3271220e-01  6.6941590e-02
   598 : -1.1410450e-09  1.3458256e-09  2.5078182e-09
   599 :  4.7528884e-09  1.5912739e-09 -1.3208044e-08
   600 :  1.5998129e-09 -9.6336048e-09  3.6431058e-09
   601 :  4.2522273e-01  1.8612440e-01 -4.4695911e-02
   602 : -9.2314923e-09 -2.7530235e-08  8.7306359e-09
   603 :  2.6668986e-03 -2.3322869e-04 -1.1616264e-03
   604 : -8.0196897e-21 -5.1229258e-20  6.7334868e-20
   605 : -3.4942883e-18 -5.4758011e-18  4.4181759e-18
   606 : -3.1080482e-16  4.6338999e-16  2.5485499e-16
   607 : -1.4314355e-06  2.8802531e-06  2.7225230e-07
   608 :  4.3049503e-12 -6.6225443e-12 -2.1036186e-12
   609 :  2.4109583e-14  1.5512724e-14 -5.6030665e-14
   610 : -1.3333467e-11  5.5459934e-11 -2.8237295e-11
   611 :  1.4840391e-08  1.0480103e-07 -5.7613211e-08
   612 :  3.5381623e-05 -1.0886787e-04  3.2215155e-05
   613 : -4.8330220e-04 -1.0938279e-04  8.9458860e-04
   614 : -8.6627205e-18  3.9321210e-18  1.4545699e-17
   615 :  1.7561831e-17 -2.9257857e-16  2.4889978e-16
   616 : -2.9355711e-11 -2.7539429e-11  8.9605113e-11
   617 : -7.3528516e-22 -8.1824935e-22  7.6349464e-22
   618 : -5.8862847e-03  1.8410606e-03 -1.1442248e-02
   619 :  1.2773379e-01 -1.2503745e-03  1.7147527e-01
   620 :  1.9688621e-01  4.6558694e-02  3.9925212e-01
   621 : -6.6978981e-07 -4.5288386e-07  4.1826737e-07
   622 : -8.9416522e-12  7.6049940e-12 -8.6087915e-12
   623 :  8.9907608e-13  5.6143488e-13  1.0872330e-13
   624 :  2.9931911e-13  6.3280813e-14 -1.6051474e-13
   625 : -3.2766997e-05 -1.7797042e-04 -1.0936691e-04
   626 : -1.0957303e-10  1.3427742e-10 -3.7567068e-10
   627 :  4.4184197e-04 -6.5314690e-04 -7.1116344e-04
   628 :  3.5985416e-04 -4.2602082e-04 -5.7174951e-04
   629 : -2.6371205e-03  1.1387393e-03  1.0355608e-03
   630 : -8.6455161e-11  2.8229906e-11  2.5278498e-10
   631 :  4.1463281e-11  4.4523551e-10 -1.6244001e-10
   632 : -1.1083090e-09 -7.7789276e-09  2.8136846e-09
   633 :  7.8582385e-08  2.0439613e-07  6.4904341e-08
   634 :  8.5691530e-07 -2.3282239e-06  4.6408910e-07
   635 : -1.1488325e-14  5.8501512e-15  1.5293085e-15
   636 :  7.1418828e-10 -8.9434542e-10  6.6344791e-11
   637 : -4.4189613e-06  1.0709532e-06  9.8318525e-07
   638 :  2.2246939e-06  1.6139704e-06 -5.8692277e-06
   639 :  1.2622359e-07  2.4454507e-07 -1.2190356e-07
   640 : -2.4334333e-08  5.1417195e-09  1.6617223e-08
   641 : -5.4748120e-14 -5.4417056e-15  3.1120840e-14
   642 :  2.7700910e-14 -4.2343680e-14 -4.7280719e-14
   643 : -1.3654337e-02 -3.3827935e-04 -3.5352871e-03
   644 : -6.6759392e-03  1.2004893e-01 -1.9799216e-03
   645 :  5.1948136e-07  2.4994702e-08 -1.0969441e-06
   646 : -9.5444876e-07  3.2129813e-07  2.1116775e-07
   647 :  4.6022008e-08 -3.0705636e-07  6.6777624e-08
   648 :  4.0874338e-08 -2.1218691e-08  3.6309680e-08
   649 : -7.6041537e-16  2.8013752e-16  1.7026325e-15
   650 : -1.8323138e-06  6.1148921e-07 -5.1203985e-07
   651 :  1.1239716e-06  1.3636518e-05 -4.9613703e-06
   652 : -4.4039631e-19  3.9501283e-20  9.5301967e-19
   653 :  1.8482196e-19 -1.7592360e-19 -5.2666329e-21
   654 :  2.3682774e-09 -5.4874434e-10 -4.7088612e-10
   655 : -1.1180278e-09 -5.9814316e-10  3.4714058e-09
   656 :  4.2176196e-15  4.1179998e-15 -1.3460716e-14
   657 : -6.2253283e-14 -2.4883909e-14  4.0717621e-14
