Number of elements 658
     0 :  4.3141415e-04 -7.9833627e-04  1.2116775e-03
     1 : -2.5228843e-04 -1.6186310e-04  3.5325318e-05
     2 : -2.9378693e-05  5.8303478e-05  2.3613825e-05
     3 :  4.2109354e-13 -1.7405755e-12  4.9671328e-13
     4 : -1.3996861e-10  3.6661205e-10 -7.7113448e-11
     5 :  6.8419466e-10 -1.2234080e-12  4.8641153e-10
     6 :  3.4013009e-08  2.1665706e-07  7.3717749e-08
     7 :  3.6868297e-03 -1.5401293e-02 -1.6373039e-02
     8 :  2.3163046e-04  3.0660170e-02  7.7065661e-04
     9 : -2.4971001e-10  2.5093055e-11  1.1215994e-11
    10 : -5.6699193e-09  1.8118117e-09  9.5346475e-10
    11 :  1.5564104e-11 -8.4756457e-11  4.4831596e-11
    12 : -2.4913434e-01 -6.0447328e-03 -2.1161706e-01
    13 : -2.5353921e-07  1.2513814e-07  5.4506813e-08
    14 : -2.0633693e-04  3.1305244e-05  5.2625514e-06
    15 :  1.7936256e-01  4.3588229e-01  2.8074504e-01
    16 :  1.2304699e-01  6.9087214e-02  1.1882331e-01
    17 :  2.1606907e-13 -1.2610882e-13 -5.4068918e-14
    18 : -1.1055027e-07  7.4978777e-08 -3.9790119e-07
    19 :  1.2111517e-07 -3.8170557e-08  4.5195116e-08
    20 : -6.9830377e-10  5.0969364e-10  1.6111375e-09
    21 :  9.7602075e-02  1.7013622e-01 -5.1407979e-03
    22 :  8.5551046e-07  5.8291682e-07  1.2622396e-07
    23 :  6.4278790e-01  3.4949347e-01  1.4099616e-01
    24 :  4.8674031e-02  1.2952177e-01 -8.5956777e-02
    25 :  2.2252988e-01 -8.3834117e-03  1.0724671e-01
    26 : -4.5538016e-03  4.9808807e-03 -1.6768588e-03
    27 : -6.1883655e-12 -7.2693984e-11 -5.6430173e-11
    28 : -3.1576413e-06 -3.3942572e-06  4.1694024e-07
    29 :  6.4175508e-01  3.9012159e-01  3.6583598e-01
    30 :  1.7842015e-11  2.9157605e-11 -7.6423262e-11
    31 :  1.1455559e+00 -4.3739446e-01  2.0037667e+00
    32 :  3.9656037e-01  1.6683485e-01  5.6536176e-02
    33 :  1.4076972e-03 -4.0606046e-04 -4.4320809e-04
    34 :  2.6280812e-08  3.8086431e-08  7.3841297e-09
    35 : -2.2252397e-12 -1.0911871e-12  1.2603322e-12
    36 : -5.2841962e-02  6.0719568e-02  1.6800513e-01
    37 :  2.1029789e-03 -6.7223199e-04  8.6554073e-04
    38 : -7.2124455e-02  8.2161253e-01  6.5191212e-01
    39 : -5.7398488e-04  1.5039216e-03  1.1983391e-03
    40 : -7.6997319e-07  1.2359673e-06 -5.3949091e-07
    41 :  3.6539287e-01  1.1113750e-01  1.0374889e-01
    42 : -3.6940083e-12  4.8755480e-11  3.4187670e-12
    43 : -1.1476555e-01  1.7215656e-01  1.8018856e-01
    44 :  4.8939294e-01  4.4920330e-01  5.8896289e-01
    45 :  1.8714426e-01  3.5675259e-01  1.7238915e-01
    46 :  1.7924505e-05  1.4780363e-05  1.1578605e-04
    47 :  3.5736823e-13  1.1344278e-13 -4.7492466e-13
    48 :  4.4763442e-05 -1.4589919e-05  1.4537545e-05
    49 : -2.9807292e-01 -2.0992702e-01  4.0723115e-01
    50 :  8.9982980e-04 -2.1216578e-04 -1.6485172e-04
    51 : -2.0096583e-02  2.2091956e-01 -1.7978950e-02
    52 :  2.3297517e-01  4.3794877e-01  5.0818621e-01
    53 : -2.3897664e-06  2.3701583e-05  1.3384541e-05
    54 :  1.8456811e-01 -1.8991062e-01 -1.0035828e-01
    55 :  3.9701876e-02  9.2312678e-02 -1.0982827e-01
    56 :  7.1284397e-02 -1.2763008e-02 -8.9253210e-02
    57 :  9.4423004e-02  1.0778923e+00 -2.0029924e-01
    58 :  2.3766030e-14  1.9418292e-14 -7.2909096e-14
    59 :  7.0087783e-02  1.7209653e-02 -4.0917939e-02
    60 : -6.3436615e-02  1.4203084e-02  1.2073166e-01
    61 :  4.0281280e-02 -7.7324756e-02  5.5136976e-02
    62 :  1.6426958e-08  8.8530775e-08 -1.5878729e-08
    63 :  8.9598318e-02  2.1410297e-02  1.8447768e-01
    64 :  1.9829312e-07 -8.0276585e-08  8.8434154e-08
    65 :  2.6457131e-01  1.8324039e-01 -2.8926269e-02
    66 : -7.8440193e-08  7.4555234e-08  7.8532840e-08
    67 :  1.5777759e-01 -1.3710814e-01 -1.5547631e-02
    68 : -3.1662402e-02 -1.3485434e-01 -1.8654294e-01
    69 :  4.8332014e-01  2.3822856e-01  2.8885506e-01
    70 :  1.0993644e-03  3.1311980e-04 -3.6588719e-04
    71 :  8.0456794e-02  9.3589076e-03 -2.6559467e-02
    72 :  2.6140235e-01  3.7162981e-01  1.2982756e-01
    73 : -6.9777971e-03 -3.3045617e-03 -2.7995651e-03
    74 : -2.6416348e-11 -1.1078281e-10  2.7457854e-11
    75 : -4.4755555e-11 -1.4397270e-10  8.9883945e-11
    76 :  4.0500338e-01  2.8480393e-01  1.2783836e-01
    77 :  2.5132871e-07 -1.9655827e-07 -8.1719080e-08
    78 : -4.1769448e-06  2.9704710e-06 -5.2165980e-06
    79 : -1.7374417e-11 -3.1276190e-10  3.4723518e-10
    80 : -2.9239183e-12  1.6070298e-11 -3.2798289e-12
    81 :  1.2831304e-06  3.3020580e-07  9.8666889e-07
    82 :  2.6765041e-12 -7.6821532e-12  1.1495198e-11
    83 :  1.4151618e-07 -3.9060163e-09 -6.3596029e-07
    84 :  1.9657090e-01  3.0566063e-01  1.1405042e-01
    85 : -3.1926079e-04  2.6766459e-03 -1.0272604e-02
    86 : -4.2942942e-10  1.2656240e-09  6.4251477e-10
    87 : -6.3687541e-08  8.3500782e-08 -5.6032419e-10
    88 : -4.2080032e-01 -1.6621060e-01 -2.5488708e-01
    89 : -6.6666057e-05  3.4017531e-05  1.0584146e-04
    90 :  2.3675670e-01  7.5691710e-02  1.4338429e-01
    91 :  2.7692049e-01 -1.0981774e-01  5.8095115e-01
    92 :  1.0796556e-05 -8.1335634e-06  4.8363548e-06
    93 :  5.9741892e-04  2.6668574e-03 -1.1343616e-02
    94 : -1.0522412e-01  1.2735793e-01 -3.1585734e-02
    95 :  2.0158362e-02 -9.4751976e-03 -1.7229456e-01
    96 :  2.2378007e-06  4.0727986e-06 -7.5777719e-06
    97 : -1.3299568e-01 -1.6055667e-01 -4.0175213e-01
    98 : -5.0595443e-02 -1.2082066e-02  2.7821392e-03
    99 : -1.9008288e-07  7.5259365e-08 -3.8672815e-07
   100 : -3.7378717e-07 -3.3900886e-07 -1.7146308e-06
   101 :  1.0449190e-04 -4.2572155e-05 -1.9249887e-04
   102 : -2.2289118e-01 -1.1103432e-01 -3.8845514e-01
   103 :  4.3881835e-01  1.4229578e-01  8.6246219e-01
   104 :  7.6177034e-05  1.4203466e-04  1.0132908e-04
   105 : -2.8357943e-08  2.9167831e-09  1.0638443e-08
   106 : -5.5605602e-04  1.0038216e-03 -8.3278563e-05
   107 : -2.8573969e-08  4.9605856e-08  6.3198140e-08
   108 : -4.1089843e-09  3.2975248e-09 -4.1494393e-11
   109 : -5.2519069e-07 -7.9226460e-07 -1.7883060e-07
   110 :  1.6900069e-02  3.3840815e-02 -1.0231594e-03
   111 : -2.0315013e-07  4.6399101e-08 -1.4386644e-07
   112 :  1.8072910e-03 -2.0401586e-03 -3.6454724e-03
   113 :  1.5266234e-01  5.3958903e-02  2.3495032e-01
   114 : -2.4112216e-02  1.6267866e-01 -2.1042869e-02
   115 :  2.3455118e-01  3.7590339e-01  5.0677061e-01
   116 :  1.6426996e-07 -2.7107001e-07 -1.2579725e-07
   117 :  4.0001758e-04  2.5102710e-03 -5.0380369e-04
   118 :  4.1603443e-01  9.7194139e-02  1.0998206e-01
   119 : -2.3640033e-06 -3.0843476e-05  4.7601174e-05
   120 :  3.6646067e-01  4.0744755e-01 -1.3653904e-01
   121 : -5.1590538e-09  3.3267495e-09  1.7713190e-10
   122 :  6.9515571e-01  4.9054023e-01  7.2004621e-01
   123 :  1.7609348e-01  2.7553078e-01  7.2269941e-02
   124 : -8.0399763e-05 -1.7971962e-03  3.6529738e-03
   125 :  1.9860892e-09 -6.7687062e-09  1.5554802e-09
   126 : -7.4057937e-06 -1.2367197e-06  1.0150483e-06
   127 : -1.2199243e-08  2.5640655e-08  4.0093029e-09
   128 : -6.1608681e-06  9.1789768e-06  4.4722140e-05
   129 :  1.2955688e-01 -3.3693942e-02  1.9055460e-01
   130 : -5.7045980e-08 -3.7315853e-08 -3.4794689e-07
   131 :  3.5388275e-01  2.6069316e-01  4.9023863e-01
   132 :  1.2588361e-08 -5.7126235e-08  1.6879194e-08
   133 : -3.9668248e-10 -1.1218903e-10  6.5300813e-10
   134 : -1.0670315e-01  6.3793334e-02  1.6905434e-01
   135 : -1.6623076e-01  6.4386837e-01 -2.6529270e-01
   136 : -2.2382701e-04  4.4592120e-04 -2.0601719e-04
   137 : -6.8045290e-14 -1.9165074e-13  3.4593645e-13
   138 : -8.5521110e-10  9.9505816e-10  1.0694032e-09
   139 : -4.5368098e-02  8.9448115e-02 -1.0788561e-01
   140 :  7.5213041e-05 -2.2939668e-04  9.5665685e-05
   141 : -8.2070700e-08 -4.9365211e-07  5.4743244e-08
   142 :  4.5225761e-01  2.6952370e-01  3.8573173e-01
   143 :  1.4020673e-06 -7.3862193e-07  3.0854766e-07
   144 :  7.5376006e-06  9.0272989e-05 -9.2529857e-05
   145 : -1.6201758e-10  8.3594078e-11 -8.4888896e-11
   146 :  7.7836405e-02 -1.7213660e-02  9.2485661e-02
   147 :  1.6116454e-01  1.7419765e-02  5.6448128e-04
   148 : -7.7091448e-09  6.9098369e-09  2.9118599e-08
   149 : -5.9132978e-03  6.9084724e-03 -2.0835867e-03
   150 : -2.3158867e-07  1.5344303e-07  1.3110823e-07
   151 : -1.7008834e-01 -3.4933541e-02  3.0667332e-02
   152 : -6.4764327e-12  2.3461893e-12  1.7455320e-12
   153 :  2.6530603e-01  8.2232027e-02  9.1707931e-02
   154 : -8.1426089e-07 -1.4379710e-07  5.2802398e-08
   155 : -1.8745921e-04 -1.4453101e-04  1.1673778e-04
   156 :  8.5665443e-08  6.4899301e-08 -4.4183493e-08
   157 :  3.4695249e-01  2.3228236e-01  1.2759680e-01
   158 : -8.4352485e-02  3.8784972e-02 -2.0984013e-01
   159 :  9.3588153e-07  2.9833623e-06 -1.3849696e-06
   160 :  7.7625409e-02 -5.4996524e-02  1.0691324e-01
   161 :  6.3685150e-01  8.6538969e-01  5.5362397e-01
   162 : -7.5817914e-02 -2.8403614e-01 -9.6786692e-02
   163 :  2.3281358e-02 -1.5327556e-01  3.8503905e-02
   164 : -2.5174919e-01  5.1280226e-01  9.8465744e-02
   165 :  2.7670768e-01  1.4886877e-01  2.1837807e-01
   166 :  9.4370579e-02 -1.0276104e-01 -2.9215655e-02
   167 : -1.2938736e-08  5.9710026e-09 -2.1782847e-09
   168 : -9.1754473e-05  6.3709704e-04  6.7240262e-04
   169 : -8.4531914e-09 -1.6217102e-08  6.2247635e-09
   170 : -3.4978982e-05 -6.0828831e-05  2.3914135e-04
   171 : -5.0828892e-07 -1.9623146e-07 -8.4569032e-07
   172 : -3.9722959e-04 -3.3372110e-04  1.2967021e-04
   173 :  1.0180501e-01 -8.2272992e-02 -4.2128748e-02
   174 :  7.5296234e-08 -3.8189707e-07 -3.1583192e-07
   175 : -1.4735288e-05  1.0021925e-06  1.5483365e-05
   176 : -7.2147627e-06 -6.3951490e-06  9.3531522e-06
   177 :  2.4120696e-01  8.1633312e-02  9.6939405e-02
   178 :  1.2688620e-01 -1.9158786e-02 -1.3924367e-01
   179 :  3.1493877e-01  1.2971365e-01  1.7865477e-01
   180 : -1.5384121e-01 -5.3316612e-02  1.9593544e-01
   181 : -9.6597361e-02  6.7835020e-02  9.5964794e-02
   182 : -1.0189122e-01 -1.6000821e-01 -7.3238201e-02
   183 :  3.3980000e-08 -1.6625588e-08  8.5082911e-09
   184 :  3.2986484e-01  1.7076821e-01  1.0406229e-01
   185 : -8.1869226e-15  7.8802877e-15  1.3771103e-15
   186 :  3.2731089e-07 -9.5938561e-06 -4.7001447e-06
   187 :  4.0817810e-01  3.3673856e-01  4.1159504e-01
   188 :  7.3481100e-11 -3.6565653e-09 -2.7907525e-09
   189 : -1.4447182e-09  1.6505243e-09 -1.2069713e-09
   190 :  4.0784706e-01  1.9315669e-01 -9.0378471e-02
   191 : -1.5867513e-02  1.1598514e-01  2.3645372e-03
   192 : -2.4527309e-01 -3.5234685e-01 -1.4447394e-01
   193 : -5.5260360e-06 -1.1335002e-05  1.5091448e-05
   194 :  4.9355310e-08 -2.9008193e-07  5.6352014e-08
   195 : -1.0274768e-10  5.5690250e-10 -2.0663222e-10
   196 : -2.2849595e-07 -3.4949542e-07  6.1535115e-07
   197 :  7.0663658e-02  3.3428543e-01  1.1549168e-01
   198 : -2.6542379e-10 -2.0317661e-10  9.1635491e-10
   199 :  1.8493656e-07 -1.5043690e-07  3.8285730e-07
   200 : -1.6231273e-09  1.2338727e-09  2.0894573e-10
   201 :  2.1665175e-01  8.8854274e-02  2.2809948e-01
   202 :  2.1662141e-01  7.3529927e-01  9.0632982e-01
   203 : -2.6307983e-10  8.9866469e-10 -3.3327941e-10
   204 :  1.1026309e-01  8.7983371e-02  3.1344912e-01
   205 :  5.4060672e-01  7.8640300e-01  1.5105516e-01
   206 :  3.0127829e-01  1.2774856e-01  2.7853092e-01
   207 : -1.3407818e-09  8.1593862e-10  2.4495140e-09
   208 :  5.6119899e-01  2.4324270e-01  5.1056955e-01
   209 :  5.4486614e-11  7.0276429e-11 -2.1127103e-10
   210 :  8.3879317e-02  2.5383612e-02 -4.2721709e-02
   211 : -1.0849159e-02  2.1262040e-03 -3.1432636e-03
   212 : -1.8803521e-01  1.6569993e-01  5.0994463e-02
   213 : -2.0773521e-01  1.0811913e-01 -8.5240272e-02
   214 :  2.5421074e-03 -7.8209476e-04  1.3473332e-03
   215 : -3.2375056e-07  1.3352759e-07 -4.8408539e-08
   216 :  4.5011510e-01  1.8997555e-01  2.4306970e-01
   217 :  8.4352326e-11 -1.7633817e-11 -5.1636335e-11
   218 :  1.1728089e-01 -2.2337275e-02  1.2858682e-01
   219 :  1.5504663e-01 -1.2747453e-01 -1.2373642e-01
   220 :  4.1749800e-07 -6.2568429e-07 -3.4709933e-07
   221 :  2.8072656e+00 -3.5793148e+00  2.3963952e+00
   222 : -2.3057717e-11  3.7320361e-11 -3.2316521e-12
   223 :  3.2849392e-01  1.7084111e-01 -2.3512023e-02
   224 :  6.8237442e-07  5.3392957e-07 -1.3485089e-06
   225 :  4.0949093e-09 -3.7811076e-08  4.5981792e-08
   226 : -1.0580987e-07  2.0603250e-06 -4.4116203e-07
   227 :  9.0963810e-11  2.2271726e-11  1.6872324e-10
   228 :  8.5755803e-14 -5.9441933e-14  5.9036596e-13
   229 :  4.1336664e-07 -1.9878177e-06  3.4551777e-07
   230 : -2.5706797e-09 -5.1098274e-09  2.0202325e-08
   231 : -1.0587933e-04  5.8066063e-04 -5.3729439e-04
   232 : -1.5943925e-09 -1.3175996e-09  3.8152165e-09
   233 :  6.3517296e-04  1.4769713e-01 -5.3894803e-02
   234 : -5.8369837e-07  7.9706491e-08 -2.2569506e-07
   235 :  5.9946110e-08  9.4599757e-08 -3.2055669e-07
   236 : -4.5881583e-04 -1.2001443e-04  3.3915622e-04
   237 : -3.5706716e-01  8.9451274e-01  6.0292318e-01
   238 : -4.2072018e-15  2.7723690e-14 -2.1589864e-14
   239 :  1.5063121e-01  2.7941220e-01 -6.3154707e-02
   240 : -6.7561510e-08 -2.5021659e-08  3.9482509e-08
   241 : -2.1118747e-03 -7.1137081e-04 -1.5344895e-02
   242 :  4.3668670e-05 -4.6124705e-05  2.6547155e-06
   243 : -6.6720945e-02  1.7748929e-01  2.4876168e-02
   244 :  6.9246385e-01  8.1948615e-01  7.3711929e-01
   245 : -8.7542413e-07 -7.9377773e-07  3.4181180e-06
   246 :  2.7665164e-15 -1.0052619e-14  6.1096605e-15
   247 :  7.4728608e-02 -1.7096424e-02 -1.0871887e-02
   248 :  2.7110158e-01  4.8762322e-02 -4.4405870e-02
   249 : -8.8293372e-07 -1.6542850e-07  3.7675228e-06
   250 : -1.1655314e-01  1.8033153e-01 -1.3597614e-01
   251 :  3.0686080e-07  2.4614338e-07 -2.9715151e-06
   252 :  3.8826747e-01  3.6815758e-01  4.8486034e-01
   253 : -3.8269587e-06 -4.0617396e-07 -3.4801127e-06
   254 :  1.7013428e-01  5.0355827e-01  5.8130759e-01
   255 :  8.1787108e-02  1.8312050e-02 -2.1628787e-02
   256 :  1.7899509e-03 -1.1751795e-02  2.8629044e-03
   257 : -5.4008221e-11  2.8402603e-10 -7.7627101e-11
   258 :  1.8881035e-08  3.3648541e-08  7.1868762e-08
   259 : -7.0173753e-14  2.3550896e-13 -1.3585235e-13
   260 :  5.2676628e-12  7.3836259e-12 -3.5731883e-12
   261 : -2.6380442e-01  2.1176136e-01 -2.1193795e-01
   262 :  2.0556634e-03 -2.2346998e-02 -1.7439198e-02
   263 :  5.1662333e-08 -2.0482483e-07  4.8571320e-07
   264 : -5.9090487e-09  4.3322167e-10  1.1770040e-09
   265 : -1.1035523e-07 -4.9786278e-07 -1.1114395e-06
   266 :  5.2196750e-06 -4.7698842e-05  7.2507896e-05
   267 :  1.7952066e-01  2.8554115e-02  2.6866401e-01
   268 :  6.0355516e-03  1.7277731e-03 -1.3561330e-03
   269 :  5.2234030e-05  2.0949735e-05 -1.3759218e-05
   270 : -2.9448517e-06  5.8457719e-05 -1.3530982e-05
   271 : -2.1263052e-05  4.7935492e-06 -2.3839496e-06
   272 :  3.5912422e-01  2.7627436e-01  7.8357434e-02
   273 : -3.2147086e-03  4.9046191e-03  1.6768691e-03
   274 :  1.2110021e-01  2.3711268e-01  2.5803910e-01
   275 : -5.9951805e-09  5.7758692e-09  6.8234884e-09
   276 :  1.8425992e-07 -1.3696852e-05 -3.0467538e-05
   277 : -9.9357948e-09  9.1677628e-08  4.7097248e-09
   278 :  1.3870155e-03 -1.0890370e-02  2.9194968e-03
   279 :  3.0983883e-05  7.7517962e-04 -3.9680191e-04
   280 :  2.6532754e-05 -9.6908232e-05  1.4224349e-05
   281 : -6.6287387e-03  2.5636712e-05 -2.0162829e-03
   282 : -6.8553542e-12 -1.1958688e-12  1.4435714e-11
   283 :  5.6570493e-01  1.1691031e-01  1.5247004e-01
   284 :  1.7960845e-05 -3.0408439e-04  9.6017941e-05
   285 :  5.9998417e-05  4.9695142e-05 -4.2185090e-05
   286 :  2.8481812e-03  1.9216601e-03 -7.0676731e-04
   287 : -1.2766831e-02 -3.5015694e-03 -2.3875513e-02
   288 :  7.7243396e-11 -1.4776672e-10 -1.1397163e-11
   289 :  8.6582718e-08  6.4466807e-08 -2.9962454e-07
   290 :  3.2227781e-07  1.4267979e-07 -3.5146968e-07
   291 :  2.1295596e-03  7.2348460e-04 -8.4644893e-05
   292 : -8.8377497e-11  3.2053302e-11  1.8070299e-11
   293 : -1.0778544e-08 -7.7304822e-09  2.1658722e-09
   294 :  2.3315276e-06 -7.8782551e-06 -6.3464882e-06
   295 :  2.7490199e-01 -3.1458559e-01 -2.2153288e-01
   296 :  2.3057927e-03  7.0999690e-04 -7.3926824e-04
   297 :  1.9137310e-01  1.3094042e-01 -2.2700200e-02
   298 : -2.1372298e-07  2.0757039e-06  6.6731853e-08
   299 : -2.3574653e-04 -2.3631536e-04  1.8394549e-04
   300 :  4.6771682e-05 -3.4310323e-06 -6.8058131e-06
   301 :  4.2736928e-03 -7.1911403e-03  1.6870990e-03
   302 : -1.8302501e-01  6.1646447e-02 -4.1841926e-02
   303 : -2.1355971e-06 -4.8953965e-06 -2.2854680e-06
   304 :  2.4680258e-01  1.6720305e-01  2.7736950e-01
   305 :  1.0854034e-09  8.3279952e-10 -4.9874587e-10
   306 : -4.2540300e-09 -6.1893029e-11  1.8777793e-10
   307 :  8.5248289e-04 -1.5800026e-04 -1.6131436e-04
   308 :  9.3306088e-02 -5.4575765e-02  1.2597250e-01
   309 :  1.8739640e-03  1.3205969e-01  1.6069796e-01
   310 :  2.7692014e-01  1.1640926e-02  1.1366528e-01
   311 :  2.9374322e-05 -8.5683071e-06  6.0477391e-07
   312 :  1.0652195e-03 -4.9730576e-04  5.6511002e-04
   313 : -5.0994488e-07 -1.1604388e-06  1.2551655e-07
   314 : -3.9259526e-01 -2.9525279e-01 -9.1528119e-02
   315 : -1.4651208e-04 -4.6452142e-04  3.3904909e-06
   316 :  2.9548249e-06 -3.2057982e-06 -5.4416373e-06
   317 : -9.4319148e-07  2.2578889e-06 -2.9040507e-06
   318 :  2.8186493e-02 -1.8772186e-04  1.5136623e-01
   319 :  1.6481269e-03  2.2553433e-03 -9.1946212e-03
   320 : -2.8017908e-04 -8.8357130e-03 -3.2536265e-03
   321 : -4.6241752e-04  5.9718086e-04 -1.5881521e-04
   322 :  2.4696577e+00 -1.8592631e+00  9.6765618e-01
   323 :  2.4638034e-01  2.1085189e-01  2.8337420e-02
   324 :  5.2477608e-02  1.1633114e-01 -9.1511555e-02
   325 : -1.7058450e-11  2.7937150e-13  2.8262941e-12
   326 : -1.4694629e-04  1.3283633e-04 -5.4482127e-04
   327 :  1.4275948e-01  9.1841703e-03  4.4867541e-03
   328 :  2.1565402e-11 -5.5257107e-11  1.5151886e-11
   329 : -1.7059043e-01  5.7103582e-01  8.4870370e-01
   330 :  3.1479819e-03 -4.1249991e-03 -2.9494873e-03
   331 :  2.5119870e-01  7.9202775e-02  1.1866229e-02
   332 :  3.1344920e-06 -1.5604427e-05 -5.2437510e-06
   333 :  7.0587335e-03  7.4530719e-02  3.5754472e-02
   334 :  7.3612075e-05 -3.9416719e-04 -3.3658820e-04
   335 :  6.0472973e-07  6.9682777e-07 -6.8243279e-08
   336 : -4.0130318e-05  2.9456787e-05  1.5350830e-05
   337 : -1.9385210e-05  1.1137520e-06  6.3523398e-06
   338 : -9.9467848e-05 -2.2630294e-04  6.0423385e-05
   339 :  2.2811747e-03  1.0525033e-01 -1.4615121e-02
   340 :  5.9471733e-11 -1.0953744e-10 -1.3464668e-11
   341 :  3.0769307e-06 -2.8842946e-06 -6.7886050e-06
   342 : -5.1152797e-07  3.3512434e-06  8.0648773e-07
   343 :  6.4630038e-05 -2.0179183e-04  9.5023548e-05
   344 : -1.6333913e-04 -3.0186004e-04  1.6097698e-05
   345 :  1.0103333e-02  7.3980425e-02 -9.4835527e-03
   346 :  3.3105064e-04  2.1912196e-04  1.2834275e-03
   347 :  6.8232719e-05 -2.0641603e-04 -1.1774056e-04
   348 :  5.2986864e-14  1.8466842e-11 -4.4974595e-12
   349 : -6.1471564e-03  8.8807236e-04 -1.7235384e-04
   350 : -3.8362155e-04  1.9403277e-05  1.7769693e-04
   351 :  7.6077383e-02  9.0161731e-02  4.3734083e-03
   352 :  4.7321312e-07 -7.4152942e-06 -1.2176634e-05
   353 :  1.9155167e-02  6.9384090e-02 -5.3422496e-03
   354 :  6.4560390e-08 -8.1527536e-08 -3.0683894e-07
   355 :  3.6400677e-06 -7.9144088e-06 -1.4632107e-05
   356 : -2.6391327e-07 -6.6800540e-07  1.2730195e-06
   357 : -6.5999752e-08  4.2696274e-08  7.5601792e-09
   358 :  3.9788922e-06  6.2288083e-05 -6.7581427e-05
   359 : -2.3539309e-08  2.7429244e-09 -3.8319131e-08
   360 :  2.8059112e-06  3.9165959e-05 -2.4343927e-05
   361 :  1.6010651e-04  2.0556683e-04  5.8146516e-04
   362 :  9.2092197e-07  3.3775627e-07 -1.7266519e-06
   363 :  1.3366151e-04 -1.8102471e-04 -1.3564261e-04
   364 :  3.0574009e-06 -8.7186699e-06  4.6543963e-05
   365 :  1.3036353e-03 -3.2792983e-03 -1.2301451e-03
   366 : -1.6175962e-02  7.5096494e-02 -1.6802380e-01
   367 :  1.0260145e-01  1.1301423e-01 -7.9675796e-02
   368 :  2.0362128e-03  1.2233829e-03 -8.9155570e-03
   369 :  2.0156741e-01  5.8983170e-01  2.4796983e-01
   370 : -6.4900580e-12  1.0613359e-11 -9.2284043e-12
   371 :  1.8309653e-01  7.5795224e-02  7.2342642e-02
   372 : -5.3586976e-14  1.5022972e-15  1.7757546e-13
   373 :  4.4164391e-08  2.1076375e-08  3.5772103e-08
   374 :  1.8128625e-10 -1.0259147e-09 -2.6213340e-09
   375 : -6.8630922e-06  1.4758220e-05  1.9703814e-06
   376 : -2.6344984e-05 -1.0963888e-04  4.3417387e-05
   377 : -6.1690917e-06  4.1750532e-06 -1.6774064e-06
   378 : -1.4207005e-09  3.6228157e-09 -1.4263621e-09
   379 :  3.1773640e-02  7.7486949e-03  4.7325171e-04
   380 :  5.0121569e-05  1.5479559e-05 -1.1189590e-04
   381 :  1.7142928e-07 -1.8174607e-07 -4.9823970e-08
   382 : -6.1525964e-09  1.7705943e-08  3.4473913e-09
   383 : -1.6045984e-14  1.2147586e-14 -1.1874607e-14
   384 :  1.0273467e-07  4.7160671e-07 -1.7530164e-07
   385 :  1.8157035e-01  1.0747566e-01  1.6900022e-01
   386 :  1.4431899e-06 -1.8206117e-06  1.7228192e-06
   387 :  2.9633375e-09 -1.0017710e-08  1.0904442e-09
   388 :  3.4518761e-05  9.6364190e-06 -3.9457746e-07
   389 :  1.9541445e-07  1.4042106e-06  1.0379923e-06
   390 :  5.5859672e-07 -2.7835825e-07 -3.0007842e-07
   391 :  2.7609832e-01  2.3308615e-01  1.2448237e-01
   392 :  6.9189147e-07 -9.5602604e-08  2.2387953e-07
   393 : -2.0773291e-06 -4.1827718e-06 -1.0165226e-05
   394 :  4.5151477e-06 -4.6665406e-06 -2.0347406e-07
   395 : -9.9683021e-05 -1.3827547e-04 -1.0037800e-04
   396 :  9.3781536e-04  1.5779052e-04  2.7912820e-04
   397 :  6.2888946e-02  1.0406001e-02 -3.3343741e-03
   398 :  3.7710613e-11 -4.9862350e-11 -9.1344265e-12
   399 : -1.2461776e-07 -9.6488941e-08  5.5156988e-07
   400 :  1.4792168e-06 -2.3168847e-06 -3.5835411e-07
   401 :  4.6618694e-04 -9.0967066e-03  2.6588806e-03
   402 : -2.4148468e-03 -2.7288093e-03 -3.2733122e-03
   403 :  8.7126078e-05 -1.9507310e-04  6.7628906e-05
   404 :  1.4509988e-06  1.4493888e-06 -6.8842171e-06
   405 :  2.5875288e-06  1.3260386e-06 -6.9540060e-06
   406 :  1.3164164e-01  1.4116769e-02 -3.2746346e-02
   407 : -1.0700703e-06 -4.1647514e-07 -1.1021255e-06
   408 : -2.9998407e-08  5.3345988e-08 -5.0304979e-08
   409 : -1.4345845e-05  8.5251338e-08 -8.7774756e-06
   410 :  1.8297276e-06  3.0557516e-07 -1.1909539e-06
   411 :  1.0658040e-05  1.0917213e-05 -1.3208683e-05
   412 :  5.8531355e-05  4.3591122e-05 -1.3394764e-04
   413 : -2.4104777e-05  1.8058286e-05  5.3778989e-05
   414 : -2.5005756e-05 -1.4242630e-05  3.9345649e-05
   415 :  2.0744306e-06 -9.0870531e-06 -2.8698658e-06
   416 :  4.1194557e-09 -1.1280769e-08 -6.1582743e-09
   417 :  2.4516576e-01  1.8016615e-01  1.0284290e-01
   418 :  7.4796219e-03  1.1532851e-03 -1.0456844e-02
   419 :  1.3437196e-01 -3.0748496e-02  1.0041096e-02
   420 :  1.6551464e-03 -2.9512303e-02 -1.0705415e-03
   421 :  1.1473346e-03 -8.8223515e-05  7.7315714e-04
   422 :  2.5406904e-11  1.2913150e-11 -1.3487009e-11
   423 :  5.6320245e-05 -6.8363406e-06 -3.6506581e-06
   424 :  5.7646093e-02  2.1654679e-01  4.9243366e-02
   425 :  5.3198028e-10 -1.7755551e-10 -1.4381012e-10
   426 :  4.0375378e-05 -1.5714622e-04  7.6848848e-05
   427 :  7.7216660e-03  1.6376982e-01  1.4370373e-01
   428 :  2.0308914e-08 -4.1312291e-09  1.2955587e-07
   429 :  2.0561386e-08  2.5839342e-08  2.5251745e-08
   430 :  3.8073203e-01  9.4915605e-02  1.5737585e-01
   431 : -6.2003349e-04  3.5545500e-03 -1.7593172e-03
   432 : -6.0873882e-03 -4.1515176e-03  1.1375107e-03
   433 : -8.4078407e-07 -4.7497081e-06  1.8306611e-06
   434 : -5.3144749e-07 -7.2191106e-07 -5.2878220e-07
   435 :  4.5642743e-04 -3.1087610e-05 -1.6113314e-04
   436 :  3.2935710e-01  1.0127690e-01  1.1241988e-01
   437 : -1.9074333e-05  7.7620619e-05 -1.8183262e-05
   438 :  2.9985440e-01 -1.9288290e-01  2.4563055e-01
   439 :  1.3656976e-01 -6.2642177e-02  4.6555262e-02
   440 : -2.1540985e-05  6.5620665e-05  9.5670807e-05
   441 : -6.1991975e-09 -1.5803729e-09  3.3379919e-09
   442 : -1.8714265e-01 -6.1279327e-02  2.5277748e-01
   443 : -1.1595384e-07  5.3692745e-08  7.1096756e-08
   444 :  1.7107761e-05  1.7048391e-05 -1.0128842e-05
   445 : -1.9155168e-12  8.4547087e-12  1.5169622e-11
   446 : -1.4624868e-01  2.0471818e-01  4.0460640e-01
   447 :  3.5841304e-06  2.4640643e-07  8.4296630e-07
   448 : -1.5181294e-08  4.1752856e-08 -9.6175924e-09
   449 : -4.7963716e-03 -3.5995942e-03 -3.1879704e-03
   450 :  5.6103618e-04  4.6893449e-05 -3.2520662e-04
   451 : -4.6037324e-02  1.4130530e-01  9.5742983e-02
   452 : -4.2244660e-05  4.2404228e-05 -1.0571677e-06
   453 :  2.8563433e-06 -5.2615632e-06 -8.2382157e-06
   454 :  1.3658390e-01 -2.3182766e-02 -1.1524090e-02
   455 : -5.1395914e-02 -9.1620853e-04 -1.6870669e-02
   456 : -2.1683603e-05 -5.5288066e-06  1.0940150e-05
   457 : -1.4193704e-06  3.3357000e-06 -1.0408419e-06
   458 :  1.9245350e-01  9.1855918e-02  9.8949256e-02
   459 :  5.2768645e-04 -5.7139347e-04  1.9083144e-03
   460 :  6.6997810e-13 -4.8024672e-13 -7.5002907e-14
   461 : -1.0285624e-05 -9.4722176e-06 -1.7413094e-06
   462 : -1.5662578e-04  2.5810521e-04  8.6840786e-04
   463 : -6.8859338e-06  1.0078435e-05 -5.8101398e-06
   464 : -2.0682429e-10  8.2556876e-10 -1.5671235e-10
   465 :  1.2806768e-01  7.5706542e-02  2.1027875e-01
   466 :  3.6017928e-06  1.0540205e-06 -2.7761404e-06
   467 :  1.3688472e-06 -1.6354351e-07  6.4008897e-07
   468 :  1.7434713e-01  1.7933531e-01  5.8385294e-03
   469 :  1.1617030e-01 -2.2244185e-02  1.1289540e-01
   470 : -5.7902762e-09  3.2219921e-09 -2.2228631e-09
   471 : -3.6894318e-03  2.0943132e-04 -3.9697341e-03
   472 : -6.4968437e-03 -3.3532959e-02  1.5846375e-01
   473 : -5.0660227e-11 -3.0381966e-10  2.4150164e-10
   474 :  3.1185354e-03  1.4681620e-03 -8.6747610e-04
   475 :  1.5202617e-06 -1.1662464e-08  8.5607466e-07
   476 :  2.5768711e-03  1.5192745e-03 -1.1011320e-04
   477 :  2.5568925e-10 -1.1337732e-12 -7.6012066e-11
   478 :  4.8599703e-03  2.6904963e-03 -1.0500861e-02
   479 :  6.2322620e-02  1.8202714e-01  2.6786056e-01
   480 :  2.1236208e-01  5.2140872e-02  2.0228598e-01
   481 : -5.1401422e-04  2.2623848e-03 -8.7146413e-04
   482 :  1.5672201e-06  9.5180429e-07 -3.9167893e-06
   483 :  5.1808679e-04 -2.8151369e-04 -4.1001312e-04
   484 :  2.5275172e-02  3.4552960e-02  1.8210089e-01
   485 : -2.4212210e-04  8.7584718e-05  4.3102937e-05
   486 :  3.9614691e-03 -1.6776209e-02 -1.6300758e-03
   487 : -1.7063098e-04 -1.7279690e-04  4.1092919e-05
   488 :  1.5061626e-09  1.3901767e-10 -5.3184387e-10
   489 :  3.5563590e-05 -1.1690196e-04 -1.5788481e-04
   490 : -7.8985018e-13  3.1225732e-13  1.5124153e-13
   491 :  1.8866102e-01  8.1468725e-02  3.4406006e-01
   492 :  3.0277127e-06 -8.2603516e-06  2.0539947e-06
   493 : -4.4429733e-06  3.2135519e-06 -2.4440441e-06
   494 :  5.3643779e-05  2.7651133e-06 -1.5474463e-05
   495 :  8.4138142e-04  4.4565320e-03 -4.3614175e-03
   496 : -1.1681837e-07  2.7991033e-08  3.8668471e-08
   497 :  6.1879583e-05 -5.4374865e-06  5.0584504e-05
   498 : -4.5602343e-03 -1.9712598e-02 -2.4851116e-03
   499 :  2.2414166e-01  4.0894263e-02  8.6249229e-02
   500 :  7.8970208e-03 -1.7226241e-02 -9.3041849e-04
   501 : -1.8443867e-08 -7.7414010e-09  3.8480457e-08
   502 :  2.5793062e-03 -1.9916515e-05  2.1912131e-03
   503 :  2.3883564e-03 -1.4618350e-02 -1.6177996e-02
   504 :  3.0621763e-06 -7.6707205e-06  2.5322853e-06
   505 :  2.1322027e-01  4.7301997e-02  1.1321546e-01
   506 :  2.5673832e-07 -8.4963236e-07  1.7703440e-06
   507 : -3.0973619e-02 -3.3072850e-02 -3.3037336e-03
   508 :  7.0349889e-08 -5.0472813e-07 -5.9528139e-07
   509 : -4.0505623e-09 -4.0417355e-09  2.1404814e-08
   510 : -1.4890559e-03  1.7713985e-03 -2.5641444e-03
   511 :  4.2378848e-02  1.2635169e-01  1.1462928e-03
   512 : -1.0659266e-10  5.3133631e-13  1.3308670e-10
   513 :  7.6193884e-07  3.8749320e-06 -7.3877750e-07
   514 : -3.7418716e-06  6.0460171e-06 -1.0205745e-05
   515 : -1.1512492e-06 -3.5233583e-08 -6.1115852e-07
   516 :  1.2895314e-04  1.3246109e-03 -3.4029309e-04
   517 : -1.8046199e-02  3.6850786e-02  2.0445452e-01
   518 : -2.2587064e-09 -7.4986039e-09  3.7095426e-09
   519 : -1.3382776e-04  9.1291911e-04 -1.0034940e-03
   520 :  2.7400487e-10  1.5069786e-09 -8.0165329e-10
   521 :  1.2609951e-07 -1.9242432e-07  3.1889424e-07
   522 :  1.6006720e-05  1.5403601e-05 -1.2346956e-05
   523 : -3.4542799e-13 -2.8753747e-12  1.0079455e-12
   524 :  1.9763760e-01  1.6670072e-01  4.9224045e-02
   525 :  4.0656522e-06 -9.7391482e-06  3.3048053e-06
   526 :  2.9425123e-05  5.6423294e-06  1.1012901e-05
   527 :  1.0977626e-09 -1.8637206e-08  3.8968744e-08
   528 : -2.6131334e-02  8.7839197e-02 -4.1737993e-02
   529 : -2.6589253e-09 -4.6559054e-10  1.2853453e-09
   530 : -1.3607206e-04  9.3548668e-05  4.8505156e-05
   531 :  5.2547683e-06  1.1548468e-06 -1.3658309e-05
   532 :  3.0172413e-05 -6.1170102e-06 -1.0602434e-05
   533 :  5.7823300e-11 -6.0305420e-11 -4.2259048e-11
   534 :  2.3606966e-01  3.1253530e-01  8.8699743e-02
   535 : -5.5587606e-05  5.6082815e-05  4.5358244e-05
   536 : -1.4326861e-03  2.3683582e-02  7.0000798e-02
   537 :  1.1413568e-03 -2.8357217e-03 -2.0465004e-02
   538 : -9.0391672e-05 -1.5894202e-02 -1.4132787e-02
   539 : -1.4972848e-07 -2.8498511e-08 -3.6182808e-08
   540 :  1.4227711e-01  6.0562587e-02  1.1390293e-02
   541 : -1.2866294e-08 -4.8232576e-09  2.1484484e-08
   542 :  5.8241753e-02 -9.2772688e-03 -9.4722460e-03
   543 :  4.2467062e-08 -2.4288883e-08 -1.7281055e-09
   544 : -7.2492901e-04  4.1816344e-03  4.8816850e-03
   545 :  2.3312240e-01  1.2008794e-01  3.3078490e-02
   546 :  5.2138328e-05 -1.0053773e-05  2.3350900e-05
   547 :  5.1163391e-07  7.1748530e-07 -3.8010880e-06
   548 :  4.5093441e-02  6.3762238e-02  2.0759332e-01
   549 :  1.3241246e-10 -4.4817753e-11 -2.2724867e-11
   550 : -5.9054559e-07  1.1225555e-07 -2.7211666e-07
   551 :  1.1725635e-06 -8.3403514e-07  1.1594802e-06
   552 : -3.4384440e-05  4.2346845e-05 -1.7547301e-05
   553 : -9.0216516e-02 -7.0279582e-02 -1.0929785e-01
   554 :  4.9431004e-05 -1.2120554e-05 -2.8650718e-06
   555 :  1.4972803e-07  5.2108448e-07  1.8880064e-06
   556 :  2.2349350e-01  8.4628788e-02  1.1485654e-02
   557 :  6.0881818e-02 -1.4787164e-02 -8.6727587e-03
   558 :  1.4174297e-01  6.1406875e-02  2.2573839e-01
   559 :  3.9291228e-05  8.7731497e-06  6.2140613e-05
   560 : -1.1109568e-10  4.7127112e-10 -5.3005008e-11
   561 :  6.5644960e-03 -2.6173966e-03 -2.6744383e-02
   562 :  4.9371438e-06  2.9880463e-06  6.0085687e-07
   563 : -3.8018347e-07 -3.8296133e-07  3.6646070e-06
   564 :  3.2581485e-06 -2.0358738e-05  2.1264032e-07
   565 : -1.2080921e-01 -6.5470208e-02 -2.5560556e-01
   566 : -4.7443561e-05  1.0461814e-04  9.1900438e-05
   567 :  2.8159420e-05 -1.3607766e-05  9.1308491e-05
   568 :  6.2028356e-09  1.4911171e-09  6.2859488e-11
   569 : -6.2704809e-04  5.1557006e-04  1.1160050e-03
   570 : -3.1994761e-08 -7.7271265e-09  1.5880230e-06
   571 : -2.8342216e-04 -4.8748396e-04  1.3794893e-03
   572 : -2.4055802e-12 -1.4308620e-12  3.9647058e-12
   573 : -2.2620863e-03  3.4833801e-03  4.3175146e-03
   574 :  1.6896942e-01  4.2137256e-02  1.1205446e-01
   575 : -3.0024587e-05  1.2496454e-06 -6.3502987e-06
   576 :  1.8107752e-01 -2.7559230e-03  1.6260400e-01
   577 : -4.8281147e-07 -1.3350706e-07  2.2110225e-07
   578 :  1.9613607e-08  2.1460178e-08 -4.8804239e-09
   579 :  1.9191226e-01  4.1313073e-02  1.0443508e-01
   580 : -6.2686778e-04  9.6429495e-05 -4.4538122e-04
   581 : -6.4270650e-08  2.1129269e-06  5.3046429e-06
   582 :  7.3026031e-08 -2.6632572e-07  7.9309562e-08
   583 : -1.9460137e-09  1.2972862e-09 -9.7538388e-10
   584 :  7.5699922e-03 -3.6161623e-02 -2.0443612e-02
   585 :  1.9717030e-01  9.9905273e-02 -7.0363977e-03
   586 : -1.1476202e-07  2.4466254e-07 -4.7683335e-07
   587 : -7.1766650e-02  7.0798482e-04 -1.0772570e-01
   588 : -6.5278855e-07 -1.8195945e-07  9.7460839e-08
   589 :  2.8433624e-06  1.6776111e-06  4.1914272e-06
   590 :  1.0684807e-01 -3.6313616e-02  1.5537095e-01
   591 : -3.6162668e-08  4.2912677e-09  5.7994968e-08
   592 :  1.0844345e-01 -2.0112844e-02 -5.1563043e-02
   593 :  4.0562710e-02  9.0699720e-02 -3.6985014e-02
   594 : -6.9101274e-04 -6.1355448e-04  3.4758054e-04
   595 : -5.4615683e-05 -1.1676140e-05 -1.2018555e-04
   596 :  4.8261958e-06 -1.0698869e-05  2.5823536e-06
   597 :  2.4587485e-01  7.2017130e-02  2.9613114e-04
   598 :  4.1639440e-07  5.0968387e-06  3.9758656e-06
   599 :  4.0037799e-06  5.4389975e-07 -1.5278176e-05
   600 :  6.3527924e-06  2.2175083e-06 -1.4246739e-05
   601 :  1.1253935e-01  1.6449533e-01  1.7658797e-02
   602 : -3.6097688e-05 -2.0828171e-05 -1.3633264e-07
   603 :  1.7111870e-02  9.1113046e-04  7.0640836e-02
   604 : -2.7994255e-13  4.5250329e-13  1.2900572e-13
   605 :  5.3131657e-12 -1.7371048e-14 -2.8978146e-12
   606 : -2.0412510e-10  5.2372703e-11  4.1942993e-10
   607 :  1.0613607e-03 -1.1884322e-03 -1.1549189e-03
   608 :  2.0733667e-07 -2.9356500e-07 -1.5808399e-07
   609 :  6.1413960e-09  2.0040175e-09 -1.0406587e-08
   610 : -3.4016229e-07  1.7885736e-06 -8.2225412e-07
   611 :  3.4125537e-06  1.8594101e-05 -1.0286659e-05
   612 :  1.8219087e-03 -7.2384277e-03  1.3743235e-03
   613 : -7.5484294e-03  5.0383865e-04  8.4304036e-03
   614 : -1.9812430e-11  9.7786267e-12  5.7042039e-11
   615 :  2.1065098e-11  1.0031980e-10 -1.7820902e-10
   616 : -3.5457196e-08  1.8779023e-08 -1.8789754e-07
   617 :  9.0363479e-14  8.8776077e-14 -8.2348704e-14
   618 :  1.1745977e-01  5.0641461e-02  2.4213734e-01
   619 :  3.4163346e-01  7.0440091e-02  2.5752474e-01
   620 :  2.0661236e-01  4.8100834e-02  1.4922943e-01
   621 :  4.8054216e-05  6.1869407e-05  9.8833720e-08
   622 :  2.3312328e-08 -1.4276320e-08  9.0839714e-08
   623 : -5.9399423e-09  5.1499112e-08  7.7460396e-09
   624 : -7.5978891e-09 -4.4813241e-09 -5.1006342e-09
   625 : -1.6787162e-03 -7.1756924e-03 -2.0156668e-03
   626 : -3.8422304e-07 -1.3264432e-06  5.0471477e-07
   627 : -1.3997942e-03 -1.4457349e-02 -1.5263902e-02
   628 :  2.8386654e-03 -1.6304240e-02 -1.7491841e-02
   629 :  1.3873928e-01  1.1482853e-02  8.0613279e-02
   630 : -9.6133856e-09  4.2588598e-07 -3.0777066e-07
   631 :  1.6691178e-06  2.0766667e-06 -9.7318665e-07
   632 : -3.4678302e-07 -1.4781506e-05  5.1238017e-06
   633 : -5.8931410e-06  1.1193689e-04 -4.2603927e-06
   634 :  1.1089318e-04 -1.9737600e-04  1.2337206e-04
   635 :  3.9666474e-10 -1.6867136e-11  6.8361379e-12
   636 :  1.8898852e-06 -2.5419715e-06  8.4930249e-07
   637 : -3.7914488e-04  4.3491301e-05  8.7469873e-05
   638 :  1.4244200e-04 -3.1935631e-05 -3.1956432e-04
   639 :  3.4023017e-05  7.8704847e-05 -2.5070790e-05
   640 : -1.5977614e-05  1.8624430e-06  8.1995940e-06
   641 :  7.5296678e-08  1.2211703e-08 -4.4237511e-08
   642 : -4.8170550e-08  7.7093318e-08  6.4359160e-08
   643 :  2.4381947e-01  6.7778642e-02  6.6346452e-02
   644 :  4.3106244e-02  1.9361916e-01  1.6429934e-01
   645 :  1.4160052e-04 -4.9461526e-04 -1.2535685e-04
   646 : -1.3682582e-04 -1.4990883e-04  9.0810511e-05
   647 : -1.0910098e-05  3.4831783e-05 -3.3977649e-07
   648 : -5.4231679e-06 -6.4369876e-07 -1.6469828e-05
   649 :  1.0673242e-10 -6.7973542e-11 -1.1232630e-10
   650 : -2.8926675e-06  7.7860723e-05 -1.9610848e-04
   651 : -2.8136903e-04 -2.1794718e-04 -3.4999331e-05
   652 :  3.7149539e-13 -2.8224899e-12 -5.1395122e-13
   653 : -2.2254022e-12 -1.8843691e-12  1.5288107e-12
   654 :  2.3210613e-06  9.8518494e-07 -9.2926588e-07
   655 :  5.0508382e-07  5.4124137e-06  1.6865471e-06
   656 :  2.4348381e-10  6.0070545e-11 -2.8697982e-10
   657 : -8.0538948e-10 -1.2930582e-09  6.9408747e-10
