Number of elements 658
     0 :  7.6089928e-04  1.3255466e-03 -9.7978500e-04
     1 :  1.3713562e-04 -8.1067737e-05 -1.4466117e-04
     2 :  2.5211650e-06 -8.5425386e-06  1.2984191e-06
     3 :  8.3682154e-15  1.8984798e-14 -1.2375451e-14
     4 :  1.2383711e-11 -3.0188358e-11  9.0203621e-13
     5 : -1.3169571e-11 -2.1878463e-11 -2.0947661e-11
     6 : -6.6342142e-10 -1.7024852e-08  2.9438104e-09
     7 :  3.0574448e-03 -2.7316672e-03  1.3819103e-03
     8 : -4.7356720e-03  4.7013375e-03 -7.4703519e-03
     9 :  2.0933143e-11  1.9241769e-12 -2.0256767e-11
    10 :  7.5679063e-10 -4.0369184e-13 -1.9491739e-10
    11 :  1.5154234e-12  2.9864279e-12 -5.7114818e-12
    12 : -2.1517434e-02  3.2209563e-01  1.7568595e-01
    13 :  8.8339052e-08  6.4802712e-08 -5.8358436e-08
    14 : -9.3850439e-05  2.3012706e-05  3.0115840e-05
    15 :  3.9000864e-02  3.6923714e-01  4.4883065e-01
    16 :  1.9998847e-01  5.3301528e-02  1.6561434e-01
    17 : -3.5071032e-15  8.0873430e-15 -2.2097402e-15
    18 :  1.2163074e-08 -2.6504308e-09  1.2239676e-08
    19 : -4.6890476e-09  6.6771239e-10 -6.0260326e-09
    20 :  6.0481868e-11 -8.3546570e-11 -1.2542472e-10
    21 :  3.9013062e-03 -5.6643896e-03 -1.9001230e-02
    22 : -3.6963260e-08 -9.9876931e-08 -1.2423399e-08
    23 :  4.9271801e-01  7.9956664e-01  7.3251591e-01
    24 : -3.4755433e-03  4.1088460e-02 -1.9800458e-01
    25 :  3.1589624e-01  1.7438553e-01  2.8965372e-01
    26 :  2.6475134e-03 -6.7350036e-03 -2.7350516e-03
    27 :  3.1820364e-12  3.1628728e-12  2.3535277e-12
    28 : -8.1603611e-07  1.8958722e-08  2.1874607e-07
    29 :  5.6165000e-01  7.2655420e-01  9.0171455e-01
    30 : -1.3081028e-12 -2.1574417e-12  6.7849547e-12
    31 :  1.6912263e-01  6.9767147e-01  1.2063316e+00
    32 :  4.9855770e-01  2.0242619e-01  8.7777942e-02
    33 : -3.0122941e-04  7.0824577e-05  8.4337730e-05
    34 :  2.0123778e-09 -4.1972304e-10 -1.4460672e-09
    35 :  1.6768667e-14  3.6710654e-14 -1.9523900e-14
    36 : -1.1244412e-02  6.7720993e-02  1.7635880e-01
    37 : -3.1258512e-04  5.4225510e-05 -2.7816989e-04
    38 : -1.1965260e-01  6.6934804e-01  4.1851497e-01
    39 : -1.5328497e-04 -1.1701028e-04  5.4330995e-04
    40 :  7.5902634e-08 -1.6961843e-07  4.9848672e-08
    41 :  5.1289584e-01  1.1090569e-01  1.7785940e-01
    42 :  2.6007320e-12 -1.9750993e-11  1.5751046e-12
    43 :  1.4476367e-02 -4.3204277e-02 -4.0896263e-02
    44 :  5.7349182e-01  6.6881667e-01  4.7631406e-01
    45 :  7.1227584e-02  5.5343373e-01  2.9000879e-01
    46 :  7.9281086e-06 -2.5174953e-06 -1.2116684e-05
    47 :  1.0485382e-14 -1.3625186e-14  2.3309861e-14
    48 : -8.6371384e-06  1.3074734e-06  3.2142644e-06
    49 :  2.5417870e-01  2.9926260e-01  7.1965900e-01
    50 : -1.4914292e-05  2.0116819e-05 -1.1101409e-05
    51 : -1.6166126e-02  4.5362820e-02 -7.7895400e-03
    52 : -1.2182533e-01  6.1427068e-01  3.6363011e-02
    53 :  8.5900366e-06 -4.3551954e-06  8.1020185e-06
    54 :  4.8426897e-01  6.8197635e-02  2.4494459e-01
    55 :  3.7752300e-02  1.2909019e-01 -1.5045945e-01
    56 :  1.0641715e-02 -1.4289818e-01 -8.4632934e-02
    57 : -1.7507292e-01  8.4081699e-01 -2.3020108e-01
    58 : -1.6661560e-17 -1.5689312e-17  6.2500649e-17
    59 : -1.6986525e-02 -8.7193496e-03  4.8411603e-03
    60 :  1.2318059e-02 -1.6700042e-02 -3.4542552e-02
    61 :  2.2697534e-01  3.9789000e-02  2.4762400e-01
    62 : -7.7986161e-09  8.6720354e-09 -4.0390209e-09
    63 :  1.9471775e-01  2.2111272e-01  3.8567314e-01
    64 : -2.7935410e-09 -9.7990712e-09 -1.4170339e-09
    65 :  6.3327739e-02 -2.5752879e-03 -1.6725727e-02
    66 :  5.3733711e-10  2.8470998e-09 -6.7035654e-11
    67 :  1.8294776e-01 -2.2691706e-01  1.7503385e-02
    68 :  1.8085731e-01 -8.0157877e-02 -1.6981640e-01
    69 :  3.9327427e-01 -3.1922090e-02  2.0905138e-01
    70 :  8.6557786e-05 -3.8074846e-04 -5.2481694e-05
    71 : -1.0813377e-02 -1.7997899e-02 -4.1214530e-03
    72 :  1.1065679e-01  3.3638201e-01  7.5637753e-03
    73 : -5.9267407e-03 -6.2067298e-04  1.8767367e-03
    74 :  2.2672547e-12  6.7631582e-12 -7.3865014e-13
    75 :  3.3853030e-12  1.3290554e-11 -7.1415730e-12
    76 :  1.8254256e-01 -1.9054578e-02 -2.5080742e-02
    77 : -4.8689026e-08  2.7260176e-08  5.2052954e-09
    78 :  8.1745749e-07 -3.2426141e-07  1.3192279e-07
    79 : -5.8740466e-13  2.4223243e-11 -2.3821106e-11
    80 : -5.2156923e-14 -1.6374461e-13  1.2074823e-13
    81 : -1.9150649e-08 -1.1609170e-07  7.7798169e-08
    82 : -3.6495011e-13  5.8403421e-13 -1.0478550e-12
    83 :  1.7321561e-08 -4.3092361e-09 -1.4133943e-08
    84 :  1.4539584e-02  1.4692039e-01 -1.7412979e-02
    85 :  1.2481678e-03  7.0670507e-06  7.9452220e-04
    86 :  2.2728514e-11 -1.1087418e-10 -3.2069346e-11
    87 :  4.7296528e-09 -7.4524653e-09 -1.5400376e-09
    88 : -8.9323040e-02  2.7719097e-01  7.8571973e-02
    89 :  5.5733660e-05 -8.0787306e-06 -1.8659100e-05
    90 :  1.0071853e-01 -6.4016129e-03 -1.9610090e-02
    91 :  6.2061071e-01  5.6923658e-01  8.5024392e-01
    92 :  3.5887854e-06  4.7884736e-07 -1.6772346e-06
    93 :  7.9977469e-04  6.9408476e-05 -3.9361980e-04
    94 : -2.0939089e-01  5.3219301e-02 -1.8377735e-01
    95 :  1.3947312e-01 -2.7951345e-02 -1.2746249e-01
    96 : -7.6088227e-07 -6.1693058e-07  8.5521508e-07
    97 :  2.4747405e-01  3.3712751e-01  4.1559702e-02
    98 : -2.5005582e-02 -3.4009419e-03  4.8277381e-03
    99 :  2.3319878e-08 -3.8347848e-08 -5.7366263e-09
   100 :  1.0219726e-07 -9.3370116e-09  1.8771409e-07
   101 : -1.6628945e-05  1.6193059e-05  3.8326854e-05
   102 : -1.1392437e-02  1.1602850e-01 -2.5539649e-01
   103 : -1.3954998e-02  5.8974654e-01  2.6004269e-01
   104 : -2.5943144e-04 -4.0518715e-04  7.7388746e-04
   105 :  9.7343993e-10 -8.0411630e-10 -1.1086126e-10
   106 : -9.7605308e-05  5.0151402e-04 -2.7644973e-04
   107 :  1.7908749e-09 -2.8676127e-09 -3.4878432e-09
   108 : -6.6164749e-11 -8.0524073e-11  7.5849745e-11
   109 :  1.2502651e-07  3.1455025e-08 -2.5736680e-08
   110 : -5.6057618e-03  7.7678766e-03 -6.0135519e-03
   111 : -2.2604550e-08  1.4826422e-08 -7.9279529e-09
   112 : -3.7424412e-04  1.6774145e-03  1.3012475e-03
   113 :  1.0967184e-01  2.2627728e-02  1.3643927e-01
   114 :  2.5874782e-02  3.3549324e-01  8.9713618e-02
   115 :  4.4398056e-02  3.7437378e-01  5.8772839e-01
   116 : -7.2266900e-09  1.1904016e-09  2.2069690e-09
   117 : -2.6090824e-04  5.4855222e-04 -1.8461057e-04
   118 :  3.5938257e-01  3.9132649e-02  5.7177488e-02
   119 : -1.0019282e-06  5.7571030e-06 -1.0500043e-05
   120 :  5.1736090e-01  6.6255068e-01  4.3972941e-01
   121 :  1.5048881e-10  1.8020164e-11  4.5342414e-12
   122 :  8.0216704e-01  2.4999305e-01  7.7451808e-01
   123 :  1.4640232e-01  3.4893462e-01  6.4697761e-02
   124 : -6.2083216e-05  3.7049450e-04 -7.9123254e-04
   125 :  6.1855390e-11  5.7647874e-10 -1.3252656e-10
   126 :  1.7610893e-06 -5.0222217e-06  1.5484629e-06
   127 : -1.4652462e-09 -1.7501777e-10  1.0162570e-09
   128 :  1.7879092e-06 -4.1895255e-06 -8.7469359e-06
   129 :  1.3071956e-01 -6.4177055e-02  2.5745269e-01
   130 :  4.7332542e-08 -2.1434271e-08  7.4927961e-09
   131 :  1.7637196e-01  3.5139988e-01  6.6877830e-01
   132 : -3.5466457e-10  1.3705943e-09 -8.9209971e-11
   133 :  2.1267479e-11  3.2774822e-13 -2.2890531e-11
   134 : -1.6352094e-01  9.8457771e-02  1.5140775e-01
   135 : -1.5512444e-01  3.6402087e-01 -1.5080463e-01
   136 :  7.7935003e-05 -2.7151158e-04  6.6361225e-05
   137 : -1.5954866e-14 -7.8372412e-16  1.8334899e-14
   138 :  1.3477563e-11  1.8571959e-11 -6.7220058e-11
   139 :  2.8208301e-02 -4.9335901e-02  8.6593476e-04
   140 :  1.9132662e-05  9.4791754e-06 -8.4454745e-06
   141 :  8.3943693e-09  1.4620233e-08 -7.7969643e-10
   142 :  2.8957909e-01  3.3784446e-01  5.7450592e-01
   143 : -1.5570321e-07  9.2232363e-08 -6.3293339e-08
   144 : -2.2459421e-06 -1.8135703e-05  2.5705847e-05
   145 :  1.2568737e-11 -6.0817090e-12  8.6513709e-12
   146 : -3.1932655e-03 -1.0900524e-02  2.5551330e-02
   147 :  2.6000716e-01  1.0087208e-01  5.2040175e-02
   148 :  3.4287962e-10 -7.7993600e-10 -1.2868999e-09
   149 :  4.2184233e-03 -8.0725568e-03 -5.8458094e-03
   150 :  1.9842153e-08 -1.4686054e-08 -8.2970345e-09
   151 : -1.9096056e-01  8.8833575e-03  1.4281971e-01
   152 : -5.5441957e-14  2.2377245e-14  1.0647045e-14
   153 :  1.8625026e-01  1.9490990e-03  1.4052045e-02
   154 :  6.8996653e-08  7.1968112e-08 -1.3616570e-07
   155 :  8.1071338e-05  7.2197449e-05 -2.4201367e-05
   156 : -2.7442161e-09 -6.2938162e-09  3.1683911e-09
   157 :  3.6325627e-01  1.8311635e-01  1.8083223e-02
   158 :  8.7012416e-02  4.0791814e-01  5.8006637e-02
   159 : -3.0858347e-07 -2.9855862e-07  9.1587185e-07
   160 :  1.8085368e-01  2.3747783e-02  2.3910148e-01
   161 :  6.6000896e-01  6.8355891e-01  3.3496816e-01
   162 :  6.5217682e-02 -3.4976307e-01  1.7860169e-03
   163 :  8.7496447e-02 -2.4168515e-01  5.4843510e-02
   164 : -6.0131637e-02  1.5582196e-01 -8.5463418e-02
   165 :  3.0047738e-01  3.3264639e-01  5.1563670e-01
   166 :  3.1894228e-01  9.5931214e-02  1.7141900e-01
   167 :  2.9964770e-10 -2.7572306e-10  4.3832578e-10
   168 :  7.3762801e-04  1.0786253e-03 -3.4707924e-04
   169 : -1.6062258e-09 -2.8385531e-10  1.1030003e-09
   170 :  1.1430496e-05  1.7103848e-05 -1.0757678e-04
   171 :  5.2718731e-08  1.3070522e-08  5.6907879e-08
   172 :  8.5343689e-05  5.1740292e-05 -1.1030115e-04
   173 :  2.1894321e-01 -1.4804228e-02 -5.7632443e-02
   174 : -5.0170651e-09  2.3931293e-08  1.8085962e-08
   175 :  2.8006546e-06 -1.5277651e-06 -4.7316641e-06
   176 :  1.3843949e-06  2.1167563e-07 -4.0017998e-06
   177 :  4.5740519e-01  2.9572130e-01  1.4689655e-01
   178 :  3.3063120e-01  2.2832411e-01 -4.4604371e-03
   179 :  5.3146471e-01  1.5158676e-01  2.5008874e-01
   180 :  8.3682430e-02  2.8311028e-01  6.2595372e-01
   181 : -7.5356924e-02  4.8848073e-02  1.6702707e-01
   182 :  1.2811659e-01 -1.6110435e-02 -1.5902184e-02
   183 : -2.1553010e-09  9.4448805e-10 -3.5589796e-10
   184 :  4.9331894e-01  2.2245978e-01  3.7708687e-01
   185 :  6.8544485e-17 -2.7579120e-16  1.0475802e-16
   186 :  1.0954720e-06 -7.0855775e-07 -2.1698846e-06
   187 :  2.6688803e-01  5.2066277e-01  4.6034400e-01
   188 :  3.3374559e-09  1.3577037e-09 -8.1109857e-09
   189 :  6.6299402e-11 -5.6521721e-11  6.7191182e-11
   190 :  1.4454595e-01  8.9615382e-02 -6.5793927e-02
   191 :  1.0957940e-01  2.5375499e-01  1.1724438e-01
   192 : -6.0406359e-02 -2.7316940e-01  1.4427236e-01
   193 : -3.8260577e-07  2.1635727e-06 -4.9806569e-06
   194 : -3.2747720e-09  1.8136192e-08 -3.7956855e-09
   195 :  3.4434255e-12 -4.0568351e-11  1.5796006e-11
   196 :  4.2978103e-09  3.3340099e-08 -6.2205197e-08
   197 :  4.6069306e-02  2.7479496e-01  4.3681423e-02
   198 :  1.7014917e-11  2.0348450e-11 -8.4967609e-11
   199 : -2.1112156e-08  2.5965807e-09  1.3211122e-08
   200 :  7.4273849e-11 -6.3765309e-11 -7.4980608e-12
   201 :  2.7286868e-01  2.9086191e-01  4.7645263e-01
   202 : -1.2278584e-01  8.6519716e-01  9.0360910e-01
   203 :  7.5038422e-12 -2.5795800e-11  1.4636453e-11
   204 :  9.2381611e-02  5.8329162e-02  2.9859461e-01
   205 :  6.5451184e-02  9.7084940e-01 -2.7320985e-01
   206 :  3.4339040e-01  1.3535720e-01  4.9445822e-01
   207 :  5.0172723e-11 -5.3326149e-11 -8.2983588e-11
   208 :  2.9900200e-01 -5.6726399e-02  4.1948597e-01
   209 :  3.0712204e-12 -1.6924366e-11  1.1079466e-11
   210 :  1.9345054e-01  4.1143747e-03  6.0607431e-03
   211 : -6.2776317e-04  5.7807458e-04  1.3488451e-03
   212 : -1.2844979e-02  5.7968042e-01  3.2527593e-01
   213 :  1.9433620e-03  3.2680894e-01  2.6053941e-01
   214 : -2.0857193e-04 -1.8244531e-05 -2.3866713e-04
   215 :  3.6948664e-08 -1.0750692e-08 -6.8762042e-09
   216 :  4.2313613e-01  4.5421472e-01  2.1533985e-01
   217 : -8.4587448e-12  3.2861961e-12  2.5252769e-12
   218 :  1.7922635e-02 -2.0076193e-02  4.3320714e-02
   219 :  3.0983432e-01 -7.4645754e-02  4.2722494e-02
   220 : -1.3233969e-08  1.2057377e-09 -6.1414276e-09
   221 :  1.9358824e+00 -2.1175411e+00  1.9568337e+00
   222 :  3.8207602e-12 -2.5734794e-12 -9.3801521e-14
   223 :  2.9491837e-01  4.3520346e-01  2.1375883e-01
   224 : -1.0570443e-07  1.2998237e-07  1.1262607e-07
   225 : -7.9384508e-09  4.3844271e-09 -2.1807589e-09
   226 : -4.1074741e-10 -1.0894086e-07  1.8960463e-08
   227 :  3.4211306e-11  2.3863719e-11 -3.2112499e-11
   228 :  3.7666075e-14 -1.0781410e-14 -7.9877247e-15
   229 : -1.2938907e-07  6.0188997e-07 -1.9476965e-07
   230 :  1.7906675e-10  2.3211712e-10 -1.1556825e-09
   231 :  8.5585108e-05 -1.9102195e-04 -3.5055888e-05
   232 :  4.3947118e-11  1.8317718e-10 -6.8274665e-10
   233 :  6.9668982e-02  1.0711428e-01 -1.2366209e-01
   234 :  6.0316623e-08 -9.2334399e-09  1.5065379e-08
   235 : -3.8857838e-09 -6.0408584e-09  1.9295925e-08
   236 :  4.5321496e-05  3.7956050e-05 -1.3602875e-04
   237 : -2.5556480e-01  6.5014517e-01 -1.1704694e-02
   238 :  4.7037922e-16 -6.5120780e-16 -3.8095188e-16
   239 :  5.4566016e-01  4.8180560e-01  4.5563356e-01
   240 :  1.2047273e-09  1.7758054e-09 -1.0941575e-09
   241 : -8.3268964e-03  2.6895790e-03 -2.4129554e-03
   242 :  2.6269223e-06  1.3885881e-05 -2.8742395e-06
   243 : -4.6387385e-02  1.8745481e-01  6.9484142e-02
   244 :  1.7041193e-01  6.9255056e-01  1.1499241e+00
   245 :  2.3910087e-07  1.7801466e-07 -1.2412929e-06
   246 :  4.0014091e-17 -3.9318232e-17 -1.1915513e-17
   247 : -7.7639842e-03 -5.2367324e-03 -1.3400668e-02
   248 :  5.8673115e-01  2.5074863e-01  2.5555077e-01
   249 :  3.8573797e-08 -9.9130376e-08 -2.1034076e-07
   250 : -8.5541340e-02  3.1444516e-01 -4.3550104e-02
   251 :  1.5035822e-07  4.6549252e-08 -1.8711007e-07
   252 :  1.7553184e-01  6.1357198e-01  7.1423792e-01
   253 : -9.8615579e-07  2.6065037e-07 -4.6349139e-07
   254 : -4.4029734e-02  2.9804136e-01  5.4671788e-01
   255 : -3.2801199e-03 -1.1160677e-02 -7.5826941e-03
   256 :  8.9991016e-04  2.7973805e-03 -6.9852090e-04
   257 :  4.1204630e-12 -2.4014975e-11  6.4371596e-12
   258 :  2.6190989e-09 -2.0424380e-09 -1.7941412e-09
   259 :  2.9230390e-15 -3.1150575e-15 -3.2590443e-15
   260 : -5.3353828e-13  3.8728999e-13 -4.7504972e-14
   261 :  2.7170956e-01  4.3086305e-01  3.5143388e-01
   262 :  3.5837079e-03 -8.8202871e-03 -2.7368333e-03
   263 : -3.8228127e-08 -7.0053229e-09  5.2928430e-08
   264 :  2.3771605e-10  5.1108126e-11 -5.6097580e-11
   265 :  2.2806889e-09  1.7724693e-08  7.5115772e-08
   266 : -2.5237301e-06  2.0360432e-05 -1.4029540e-05
   267 :  4.9657935e-01  3.2098969e-01  2.5166922e-01
   268 :  2.9200131e-03 -5.2001368e-04 -2.8125957e-04
   269 :  3.7369807e-06 -7.1899086e-06 -2.9534307e-06
   270 : -8.1607345e-07 -1.1996201e-05  1.4097634e-05
   271 :  2.4982627e-06  2.3005847e-06 -5.5204377e-06
   272 :  3.5532536e-01  2.5112910e-01  2.4567571e-02
   273 :  7.2888957e-04 -1.0238559e-03 -6.3770529e-04
   274 :  1.1499454e-01  1.7172704e-01  2.8738748e-01
   275 :  3.5514533e-10 -3.6977446e-10 -4.4741312e-10
   276 :  6.7506285e-07 -1.2800414e-06  2.1068674e-06
   277 :  6.0427083e-10 -2.4397223e-09 -4.8199413e-09
   278 :  1.9354656e-03  9.5085809e-04 -6.3497724e-05
   279 : -1.6881892e-04 -3.7804653e-04  1.2317679e-04
   280 : -3.5140228e-06  1.7919063e-05 -3.1285463e-06
   281 : -4.0790845e-03  1.2429850e-03  3.4437388e-04
   282 :  4.7119443e-13 -2.1420647e-13 -1.2853139e-12
   283 :  4.6247802e-01  5.1319051e-01  4.4918394e-01
   284 :  3.8232025e-05  9.4941439e-06 -8.4363269e-06
   285 :  1.2980570e-05 -1.2952319e-05 -3.0854240e-06
   286 :  7.4227375e-04 -1.2445322e-04 -2.9884481e-04
   287 : -6.8856690e-03  4.8175045e-03  1.2128990e-03
   288 : -6.0506333e-12  1.2220574e-11  1.1465310e-12
   289 : -4.4800763e-09 -4.1688237e-09  1.7339040e-08
   290 : -5.7810453e-09 -2.7629588e-08 -1.0272957e-08
   291 :  1.2901269e-03 -3.7695892e-04  1.5411306e-03
   292 :  9.5432163e-12 -3.2726794e-12  1.2932421e-12
   293 :  1.0661458e-09 -6.9910246e-10  4.7784535e-10
   294 : -1.6947449e-07  1.1618007e-06  6.9117567e-07
   295 :  3.2190165e-01  2.1702483e-01  2.4649222e-01
   296 : -3.8632593e-04 -2.0813870e-04  8.6848797e-05
   297 : -2.5770372e-02 -3.2970054e-02 -1.3370316e-02
   298 :  9.6847299e-09 -1.0604329e-07 -1.3332595e-08
   299 :  5.9636236e-05  5.4353887e-05 -3.5556731e-05
   300 :  5.0180740e-06 -4.8264356e-06 -1.5335574e-06
   301 :  1.2767674e-05  1.6142828e-03 -5.7657088e-04
   302 : -2.6638242e-01  1.9417465e-01 -5.7944234e-02
   303 :  4.5523923e-07  9.0043785e-07 -1.3211644e-06
   304 :  2.7252951e-01  4.6730781e-01  4.3089195e-01
   305 : -5.4372127e-11 -8.4096579e-11  2.6804718e-11
   306 :  1.8222268e-10  1.1524827e-10  4.7303433e-11
   307 : -5.5281776e-05  2.7537494e-07 -1.1131841e-04
   308 : -1.8984285e-02  2.2522968e-03 -3.5962829e-02
   309 :  2.0960652e-01  4.0475265e-01  2.6090858e-01
   310 :  1.8808022e-01 -1.5930891e-02  2.5664674e-02
   311 : -5.7439926e-06  1.1214926e-06 -3.0110388e-07
   312 :  6.1482006e-04  1.5899491e-03 -4.8750756e-04
   313 :  4.7789535e-08  1.0272534e-07 -2.4685607e-08
   314 : -3.7935228e-02  4.4849190e-02  3.1676650e-01
   315 : -2.1050260e-04 -7.2465504e-05  7.9416481e-05
   316 : -1.8628574e-07  2.7606738e-07  8.9645210e-07
   317 :  4.7110376e-07 -2.7098385e-07  2.6746668e-07
   318 :  1.2299494e-01  1.3092586e-01  2.5953271e-01
   319 :  5.7624109e-04 -2.6374534e-04  1.6923097e-03
   320 : -9.9550081e-03 -3.7601662e-03  1.1545793e-03
   321 : -1.0559931e-04 -2.0959804e-04  7.9884640e-05
   322 :  1.8467177e+00 -9.2160736e-01  4.5323006e-01
   323 :  1.8793263e-01  1.7514807e-01  1.5128105e-02
   324 :  2.4059728e-01  2.3168336e-01  8.4315533e-02
   325 : -3.7911811e-14  7.8155360e-13 -1.5375998e-12
   326 :  3.4072254e-05 -8.0659002e-06  5.4930819e-05
   327 : -1.6789168e-02 -1.7022769e-02 -1.5296257e-02
   328 : -1.9228310e-12  6.5388167e-12 -2.1795286e-12
   329 : -1.3406442e-01  3.6895789e-01  5.6585139e-01
   330 : -6.4273375e-03 -6.6857444e-03  1.0934274e-03
   331 :  1.7421359e-01  5.5222623e-02 -7.6428797e-03
   332 : -3.6972550e-07  2.3167163e-06  1.4913818e-06
   333 : -6.6067142e-03  2.1637134e-02  1.5357888e-02
   334 :  7.7263355e-06  1.5884200e-05  1.0426853e-04
   335 :  2.2947044e-08 -1.0415762e-07  8.4762765e-08
   336 :  4.4282900e-05 -1.5166489e-05 -4.3450443e-06
   337 : -9.4244177e-07  1.2394690e-06  7.7525840e-07
   338 :  1.3390791e-05  4.2230114e-05 -6.9362423e-07
   339 : -6.9939375e-04  3.4700691e-02 -1.3058377e-02
   340 : -5.2156302e-12  9.5496985e-12  3.7838140e-12
   341 : -3.6625344e-07  7.4064392e-07  4.3992172e-07
   342 :  7.1720069e-08 -4.3279854e-07 -2.3771043e-07
   343 : -9.4097034e-07  8.2673839e-05 -2.4967558e-05
   344 : -1.2617028e-04  4.4502642e-05  4.7181126e-05
   345 : -5.6628443e-03  2.1710595e-02 -6.2539658e-03
   346 : -3.5096341e-04  8.3536070e-04 -3.5144243e-04
   347 :  1.3889365e-05 -1.3863993e-05  1.1342561e-05
   348 : -2.2853151e-13  1.8630826e-13  5.3936852e-13
   349 : -2.9243511e-03  7.1312727e-04  7.4377704e-04
   350 : -5.0708761e-06  5.7647467e-05 -1.0270943e-05
   351 :  4.6737495e-02  4.4466610e-02 -9.0624244e-03
   352 :  7.1801562e-07 -5.4108041e-07  3.0275083e-07
   353 :  7.8267564e-04  3.5539031e-02 -6.6354662e-03
   354 : -4.5155201e-09  7.5879333e-09  1.8960065e-08
   355 : -4.6980554e-06  2.1697635e-06  1.5555590e-06
   356 :  1.7323966e-08  3.3648605e-08 -7.5850061e-08
   357 :  1.4940021e-09 -3.7524930e-09  1.1587846e-09
   358 : -6.9530692e-06  1.1355224e-06  1.8573672e-05
   359 :  1.5419140e-09  4.3204380e-09 -4.7025139e-10
   360 : -1.8572133e-06 -5.9359452e-06  3.9242481e-06
   361 : -1.8595046e-04 -1.9423412e-04  5.8426989e-04
   362 : -2.0899230e-07  3.1747413e-08  4.1373425e-07
   363 : -2.4828607e-05  4.1943615e-05  4.1802708e-05
   364 : -1.5667524e-06  5.7262122e-07 -6.7107026e-06
   365 : -1.4551870e-06  1.1463036e-03  1.4477291e-03
   366 :  1.5933746e-01  3.5738688e-01 -1.6863177e-01
   367 :  1.7835318e-01  1.7702244e-01 -1.0933539e-02
   368 : -2.8950132e-04 -2.8949264e-04  1.9635058e-03
   369 :  1.2199452e-01  3.8507456e-01  6.7406751e-02
   370 : -1.0199799e-13  2.9258005e-13 -4.6516899e-13
   371 :  4.3402872e-01  3.0451059e-01  1.9840007e-01
   372 :  7.8115657e-16 -1.7390199e-15 -2.7449685e-16
   373 : -3.0194104e-09 -8.5131809e-10  2.6168874e-11
   374 : -6.0449439e-10  4.9745620e-10 -6.1473463e-10
   375 :  1.2865627e-07  4.4908746e-08 -1.3516147e-06
   376 :  8.3159808e-06  5.5974765e-06 -1.0325032e-07
   377 :  1.0371634e-06 -1.5254413e-06  3.8364522e-07
   378 :  1.0564904e-10 -2.5218881e-10  6.3324147e-11
   379 :  6.8052514e-03 -5.4704333e-03 -6.9032992e-03
   380 : -1.1971361e-05  1.8848418e-05  1.0119448e-05
   381 :  1.0404026e-08 -3.5815221e-08  4.7342246e-09
   382 :  1.0544079e-10 -7.7532225e-10  1.0923639e-10
   383 :  2.0778388e-16  2.6145114e-17 -2.3257970e-16
   384 : -4.6990265e-08 -4.7292397e-09  1.6141605e-08
   385 :  3.4976615e-01  1.8472967e-01  2.5808605e-01
   386 : -5.1670348e-07  1.1669776e-06  5.5230261e-07
   387 : -4.3994615e-11  1.5134883e-10  1.5351697e-11
   388 :  2.6871444e-06 -2.2258791e-06 -1.0263069e-06
   389 : -6.0723512e-08 -1.1338427e-07  5.8981730e-08
   390 : -6.7197975e-08  3.1704260e-08 -5.8353776e-09
   391 :  3.6467348e-01  3.1329502e-01  1.1993029e-01
   392 :  1.0283092e-07 -4.0154206e-08  3.6493708e-08
   393 :  5.3285527e-07 -7.5472739e-07  1.5049401e-06
   394 : -1.4677477e-06  7.8473600e-07  2.4315379e-07
   395 : -4.5155498e-06  4.7142954e-05 -2.7433180e-05
   396 : -1.1569811e-04  1.2352233e-03 -2.3626610e-04
   397 :  3.1058654e-02 -5.7749093e-03 -6.9938989e-03
   398 : -2.0625042e-13  5.2442434e-12 -8.4667260e-12
   399 : -1.1137826e-08 -2.5739058e-08  5.3064092e-08
   400 : -2.7277912e-07  4.9491326e-07  1.4350042e-07
   401 :  1.2020310e-03  1.6336063e-03 -3.9718969e-04
   402 : -5.6227444e-03  1.3699186e-03 -4.6438913e-04
   403 : -1.7423428e-05  4.5530109e-05 -9.1350237e-06
   404 : -1.8232753e-07 -7.9821784e-08  8.8376349e-07
   405 :  4.7446713e-07 -5.6746686e-08  5.2063626e-07
   406 : -1.1864548e-02 -1.4234362e-02 -5.8039439e-04
   407 :  1.7317011e-07  2.7867591e-09  5.0452501e-08
   408 : -1.0028689e-09 -4.1992586e-10  3.1826093e-09
   409 : -1.4764049e-06  1.1891592e-06 -5.3642644e-07
   410 : -1.5761626e-07 -9.4718762e-08  8.6438206e-08
   411 : -7.2775693e-06 -1.0506793e-05  3.6554832e-06
   412 :  5.5382118e-06 -7.3029664e-06  1.4956795e-05
   413 : -5.8463924e-07 -9.3206759e-06  7.5440353e-06
   414 :  4.3039545e-06  2.6031904e-06 -9.2420848e-06
   415 :  2.6294495e-07  1.3161478e-07 -2.2196287e-07
   416 : -2.2300400e-10  7.8253660e-10 -4.0992304e-10
   417 :  1.9098748e-01  1.6365099e-02  5.5694025e-03
   418 : -2.6651703e-03  3.3145980e-04  5.1664323e-03
   419 : -1.4490319e-02  2.6639907e-04 -1.5494467e-02
   420 :  1.1411467e-03 -2.0268822e-03  1.6400557e-03
   421 :  2.5281135e-04 -3.0739778e-04  5.0898029e-04
   422 : -5.1238866e-13 -1.2953313e-12  6.2096043e-13
   423 :  1.4482427e-06 -1.0628483e-06 -5.5051811e-06
   424 :  3.9745646e-02  1.7963592e-01  2.9155059e-02
   425 : -1.9584120e-11  4.3135338e-12  1.0646544e-11
   426 :  2.4481257e-05  5.1592014e-05 -2.2009232e-05
   427 :  3.4539837e-03  9.7529254e-02  6.0950240e-02
   428 :  1.5055645e-08 -8.8540855e-09  9.0898301e-09
   429 :  1.5557204e-08  2.8513721e-09 -3.0757174e-09
   430 :  1.7231197e-01 -2.2016540e-02  1.9410447e-02
   431 : -1.2901173e-04 -3.1318899e-04  8.5848652e-05
   432 : -3.8439873e-03  1.4283364e-03  1.5591474e-03
   433 :  2.4264724e-07  8.2602568e-07 -3.0140674e-07
   434 :  1.2533259e-07  6.7930234e-08  2.1252552e-08
   435 : -4.0245659e-05 -1.1640331e-04  6.2675914e-05
   436 :  5.1272415e-01  1.6084555e-01  2.2061663e-01
   437 :  2.6884347e-06 -1.8783461e-05  2.2473308e-06
   438 :  3.8870566e-01  3.5889402e-01  4.7350176e-01
   439 :  1.7206247e-01 -2.8085135e-02  3.1933815e-02
   440 :  3.8900550e-06 -1.5101219e-05 -2.2009281e-05
   441 :  2.5248898e-10  6.8311951e-11 -1.3406384e-10
   442 :  2.3162655e-01  2.7827360e-01  4.6408844e-01
   443 :  1.4697694e-08 -6.5411974e-09 -4.2261242e-09
   444 : -3.6817589e-06 -4.0019518e-06  1.6305686e-06
   445 : -4.0968739e-13  7.5761963e-13  4.0768923e-13
   446 : -4.6811018e-02 -3.3816731e-02  1.2438861e-01
   447 :  1.4188374e-07 -4.1909729e-08 -6.9524905e-08
   448 :  7.7306942e-10 -1.9967543e-09  4.2628722e-10
   449 : -4.8805409e-03 -6.2620965e-03  2.0571943e-03
   450 : -2.8312871e-04 -2.4137208e-04  5.8122551e-05
   451 : -4.2649084e-02  1.8405241e-01  1.2955595e-01
   452 :  1.1991945e-05 -4.6518357e-06 -4.4589812e-07
   453 : -7.5890072e-08  9.8736853e-07  2.5757974e-07
   454 : -2.0245314e-02 -8.7621331e-03 -1.0499764e-02
   455 :  1.4446333e-02  4.0063701e-03 -5.6825190e-03
   456 :  3.5401681e-06  1.0360540e-06 -1.7002505e-06
   457 :  3.0718607e-07 -1.0725107e-06  3.1464900e-07
   458 :  4.2671961e-01  2.4949784e-01  9.7906475e-02
   459 : -4.5364259e-04  1.2810123e-03  1.6015631e-04
   460 : -5.2676237e-14  4.3484465e-14  9.6550331e-14
   461 : -2.4784552e-06 -6.8403414e-07  1.3618729e-06
   462 : -1.5923831e-04 -1.3123540e-04  3.7605075e-04
   463 :  1.4603051e-06 -3.5266388e-06  1.0153575e-06
   464 :  1.2520644e-11 -4.8801652e-11  3.8150275e-12
   465 :  1.7655599e-01  1.2193609e-01  3.1702048e-01
   466 : -2.9485643e-07 -3.2469205e-07  7.4221995e-07
   467 :  8.2404360e-08 -2.2716915e-08 -7.5853397e-08
   468 : -2.9737069e-03 -2.9748695e-02 -1.9502114e-02
   469 :  1.8796227e-01  2.7286266e-02  1.4096791e-01
   470 :  2.3578627e-10 -1.3168100e-10  9.2477261e-11
   471 : -6.8644413e-03 -1.2005090e-02  8.9088525e-04
   472 : -1.4490889e-02 -8.3433959e-02  1.1738155e-01
   473 :  1.1251023e-11  1.7994639e-11 -4.0515005e-11
   474 : -2.8939979e-04 -3.8806444e-04  1.1055187e-05
   475 : -1.4359940e-07 -4.9460870e-08  1.4828077e-07
   476 :  1.0842107e-04 -2.2806522e-04 -1.8948665e-04
   477 : -1.9118218e-11 -1.3873695e-11  5.9633979e-12
   478 :  4.5226405e-04 -7.9404960e-04  2.6296034e-03
   479 :  5.0283081e-02  2.0382757e-01  2.7031943e-01
   480 :  1.9547562e-01  2.6390046e-03  1.9250601e-01
   481 :  9.2001442e-05 -3.9459865e-04  1.2286152e-04
   482 : -1.8077166e-07 -1.6253233e-07  7.0195912e-07
   483 : -1.5533381e-04  7.0998404e-05 -1.3100666e-05
   484 :  1.4640235e-02  1.0993414e-02  1.0733177e-01
   485 : -1.1007571e-05 -1.4085776e-06  5.5329563e-06
   486 :  9.7715088e-04  3.6745582e-03 -5.0172531e-03
   487 :  5.1354681e-05 -1.6011685e-04  3.9915249e-05
   488 : -4.0306060e-10 -2.9333629e-12  1.5136005e-10
   489 :  6.3265952e-05 -1.2477844e-04 -4.7875862e-05
   490 : -9.6338987e-16  3.7808906e-16  2.1947734e-16
   491 :  1.3090291e-01 -1.6448047e-02  1.8667553e-01
   492 : -1.3340002e-07  7.2778964e-07 -2.6219471e-07
   493 :  3.3002236e-07 -4.7173772e-07  6.7146790e-07
   494 : -8.2089804e-06  8.3283235e-07 -5.2220843e-07
   495 : -5.3277284e-04 -1.7627556e-04  2.3063570e-03
   496 :  1.0872834e-08 -1.5149528e-09 -3.5192051e-09
   497 :  1.2109097e-05 -4.8860583e-06 -5.2191305e-06
   498 : -6.1097869e-03 -1.0002086e-02  1.1456104e-03
   499 :  3.8918235e-01  1.0307994e-01  2.0308772e-01
   500 : -1.4097903e-03  3.0497436e-03  1.2217969e-03
   501 :  8.1751772e-10  3.5767626e-10 -1.8088956e-09
   502 :  5.0613800e-05 -2.1659044e-04 -1.9401708e-04
   503 :  1.9687266e-03  5.4571654e-04  1.6399600e-03
   504 : -2.7881400e-07  6.0130387e-07 -2.3184998e-07
   505 :  3.0015031e-01  7.8107751e-02  1.3123993e-01
   506 : -3.6567395e-08  2.7536870e-08 -4.8538174e-08
   507 : -5.6755041e-03 -3.8581422e-03  3.7775209e-03
   508 : -5.0549089e-09  3.0429463e-08  3.5763598e-08
   509 :  4.0109822e-10 -2.5015588e-10 -1.0025157e-09
   510 : -9.3402565e-03 -8.3138751e-03 -1.0018268e-03
   511 :  1.5560773e-02  4.7661941e-02 -3.3253425e-03
   512 :  8.8060484e-12 -5.8773002e-13 -7.0527740e-12
   513 :  1.2305683e-08 -4.2930829e-07  6.2262813e-08
   514 :  8.6089060e-07 -1.7722814e-06  1.3519696e-06
   515 : -1.5335593e-08 -2.1000470e-07  7.8906232e-08
   516 : -2.4284966e-04 -2.3701347e-04  3.7412445e-05
   517 :  7.5306295e-02  1.1232606e-01  3.7519407e-01
   518 :  7.7645659e-11  2.3410005e-10 -6.3425573e-11
   519 :  3.8904901e-05 -2.1912180e-04  1.8665853e-04
   520 :  5.8723878e-12 -9.2057257e-11  3.7675112e-11
   521 : -1.1501857e-08  5.0294915e-09 -2.1699089e-09
   522 :  1.3358229e-06 -7.1750159e-09 -7.3982545e-07
   523 : -1.9045284e-13 -4.0235934e-15  7.2902686e-14
   524 :  3.2340991e-01  1.8745594e-01  7.9962745e-02
   525 : -2.3652965e-07  4.0372455e-07  7.3712705e-07
   526 : -9.6996236e-07 -2.4745989e-06 -2.6810559e-06
   527 :  1.8808085e-10  9.9949053e-10 -2.3042393e-09
   528 : -1.1301122e-02 -3.6589594e-02  9.8441702e-03
   529 :  1.6939350e-10  1.2181777e-11 -5.9436445e-11
   530 :  6.7144686e-05 -2.0011747e-05 -1.2356544e-05
   531 : -2.8121348e-07  7.4331627e-07  9.4558071e-07
   532 : -6.4169402e-06 -2.3577205e-06  2.0650539e-06
   533 : -1.0786755e-11  1.9830416e-11  3.5776739e-12
   534 :  2.3098674e-01  2.0355679e-01 -2.1224103e-03
   535 :  4.8944055e-05  2.9076174e-05 -1.9763143e-05
   536 : -3.8762227e-03 -8.8810595e-03  1.1375764e-02
   537 :  2.0165090e-03  6.3770322e-04 -6.7163731e-03
   538 :  2.3902569e-03 -2.3485158e-03  2.5375389e-04
   539 :  1.0609083e-08  5.7640104e-09 -2.5960760e-09
   540 :  3.3849170e-02  1.9191805e-02 -1.0856650e-02
   541 :  6.5292473e-10  2.2406679e-10 -1.1554900e-09
   542 : -1.4745632e-02 -1.7195628e-03 -7.2319497e-03
   543 :  1.6078837e-09 -2.1535967e-09 -6.7925199e-11
   544 : -2.3384720e-04  1.0339714e-04 -2.4756018e-04
   545 :  4.1894604e-01  2.3842275e-01  2.6959039e-01
   546 : -7.4126267e-06  4.9802013e-07 -4.6942234e-06
   547 :  9.7809623e-08 -2.9060793e-07 -3.2524588e-07
   548 :  1.0992085e-01  5.7656963e-02  2.5463542e-01
   549 : -1.1071973e-11  2.5456163e-13 -6.6390687e-14
   550 :  5.4554351e-08 -1.1692999e-07  5.6017532e-08
   551 : -4.7826423e-08  2.3116461e-08 -1.0659887e-07
   552 :  5.7136345e-06 -1.0430249e-05  3.6511215e-06
   553 :  1.2298572e-01  3.4147278e-01  7.4406926e-02
   554 :  1.9496265e-06 -3.5528766e-07 -1.4473702e-06
   555 : -1.4221166e-07  1.4155780e-07 -1.6912170e-08
   556 :  2.9905575e-01  7.4798772e-02  7.6519024e-02
   557 : -1.4605734e-02 -1.3951457e-03 -2.3376033e-03
   558 :  2.4389158e-01  1.2410728e-01  4.5414112e-01
   559 : -5.2693088e-06 -5.4987792e-06 -1.6378302e-06
   560 :  1.9909435e-12 -1.6664605e-11  6.1237895e-12
   561 :  3.5337204e-04  1.0409371e-03  4.1912167e-04
   562 :  8.0054542e-09 -2.9088106e-07  8.3085337e-09
   563 :  3.9883472e-08  2.3958334e-08 -4.3648092e-07
   564 :  2.6530823e-07  1.8885840e-06 -4.0412936e-07
   565 :  5.4722072e-02  3.0126703e-01  6.2514968e-02
   566 :  8.9219833e-06 -1.8056617e-05 -2.1224387e-05
   567 : -8.5687625e-06  1.2617633e-06 -2.1558752e-05
   568 :  4.5196463e-09 -2.7215539e-10 -1.7930597e-09
   569 :  1.1890422e-04 -1.4802612e-04 -2.2075505e-04
   570 :  8.8903604e-08  1.3707863e-08 -1.7292302e-07
   571 : -5.3289344e-05  8.4896621e-05 -2.2330172e-04
   572 :  1.8740805e-13  9.2180064e-14 -5.9043998e-13
   573 :  3.8147838e-04 -6.5100679e-04 -7.5295149e-04
   574 :  1.0548785e-01  1.5770126e-02  3.6127726e-02
   575 :  4.7885134e-06 -5.1198062e-07  9.5036242e-07
   576 : -3.4737287e-03 -1.9749532e-02 -6.1489384e-03
   577 : -1.4068513e-07  1.4859415e-08  2.1788108e-08
   578 :  3.6616755e-09 -1.2176377e-09  5.1138095e-09
   579 :  3.7276839e-01  1.4859541e-01  3.2157549e-01
   580 :  5.9790664e-05  6.1616371e-06  9.0621333e-05
   581 :  1.2794185e-07 -1.0004040e-07 -7.5048933e-07
   582 : -4.2216040e-09  1.5409021e-08 -4.4511454e-09
   583 :  8.0577670e-11 -5.1010308e-11  4.5691178e-11
   584 :  6.7636384e-04  1.3733186e-03  5.9347401e-03
   585 :  2.2550203e-01  1.0989083e-01  2.3566784e-02
   586 :  7.0593440e-09 -1.4412181e-08  2.8634747e-08
   587 :  1.5283784e-01  3.4077756e-01  2.2596265e-02
   588 :  7.2803351e-08  3.6939131e-08 -1.5850297e-08
   589 : -1.9827517e-07 -2.5712092e-07 -7.5274866e-07
   590 :  2.1454886e-01  7.1954860e-02  3.4223450e-01
   591 :  3.9278238e-08  3.5873970e-08 -3.5780704e-08
   592 :  4.0104350e-01  2.0646335e-01  8.5798193e-02
   593 :  1.8494475e-01  3.6017758e-01  1.1504985e-01
   594 : -3.4566605e-05  2.4589969e-05  5.4739542e-06
   595 :  2.2963062e-05  5.4156683e-06  1.2260009e-05
   596 : -2.2351369e-07  1.8356722e-07  3.5031951e-07
   597 :  4.3841555e-01  2.2018881e-01  8.3334476e-02
   598 :  3.0015048e-08 -6.8070354e-07 -4.7267275e-07
   599 : -4.9579433e-07 -1.7712280e-07  2.1556397e-06
   600 : -3.6583079e-07  1.5329110e-06  2.0892429e-07
   601 :  2.1024158e-01  2.6802236e-01  8.0900075e-02
   602 :  5.4475044e-06  2.9363761e-06 -1.1024793e-07
   603 : -5.1852872e-03 -4.5875522e-03  1.3629836e-02
   604 : -1.0387888e-14 -1.3281428e-15  2.2445801e-14
   605 : -2.2862402e-14 -7.0714032e-13  3.3959520e-13
   606 :  2.7090001e-11 -8.3889491e-12 -3.6406305e-11
   607 : -1.8093309e-04  2.5931501e-04  1.4207156e-04
   608 : -1.1781610e-08  1.8123301e-08  7.8620647e-09
   609 : -3.9123267e-10 -1.6795858e-10  7.6448849e-10
   610 :  1.7289834e-08 -9.9857424e-08  4.5416560e-08
   611 :  3.1323621e-07 -3.4338153e-06  1.3878980e-06
   612 :  1.2022464e-04 -4.0210704e-04  1.2090677e-03
   613 :  3.7756378e-03 -3.0798855e-03 -7.6232404e-03
   614 : -1.1354128e-12  4.1529037e-13  2.0347553e-12
   615 :  1.0584827e-13 -2.8928710e-11  2.7713957e-11
   616 :  6.9015350e-09  6.2743287e-09 -1.4965802e-08
   617 :  2.5688892e-16 -1.9157681e-15  8.0052050e-16
   618 :  4.7462202e-02 -1.0235019e-02  1.1597620e-01
   619 :  3.2849351e-01  1.3700255e-02  2.4480476e-01
   620 :  2.3800769e-01  3.9156118e-02  2.5658437e-01
   621 :  1.5079722e-05  1.1450368e-05 -1.2827501e-05
   622 :  3.0209718e-09 -2.7197903e-09  1.0636449e-09
   623 : -3.2509364e-10 -1.6321023e-09 -3.5196941e-10
   624 : -1.3009395e-10  6.2449322e-11  3.6944909e-10
   625 :  1.5460224e-03 -2.2679196e-03  1.5276751e-03
   626 :  1.5740138e-07  6.8867211e-08  8.9118212e-08
   627 :  5.7285807e-03 -5.7193297e-03 -5.0380666e-03
   628 :  4.0053943e-03  5.5714081e-04 -4.0304730e-03
   629 :  2.9911348e-02 -1.1236695e-02 -5.9693746e-03
   630 :  5.5696587e-09 -1.2866336e-07  3.2690050e-10
   631 : -1.4732883e-07 -2.8410360e-07  1.0689949e-07
   632 :  2.2346874e-07  2.5635551e-06 -7.9781968e-07
   633 : -3.9615306e-06 -1.3932898e-05 -1.1414198e-06
   634 : -2.4542440e-05  5.6540793e-05 -8.4044914e-06
   635 : -1.2090255e-11 -4.1664645e-12 -6.1993713e-12
   636 : -1.6292616e-07  6.0834464e-07 -1.4110549e-07
   637 :  4.4843645e-05  2.3745668e-06 -7.5662756e-06
   638 : -6.7131380e-06  3.3332799e-05  1.1085195e-05
   639 : -6.1981496e-06 -1.4241750e-05  3.5041071e-06
   640 :  2.5690007e-06 -2.9728296e-07 -1.7894089e-06
   641 : -3.6616296e-09 -8.1740938e-10  2.2109838e-09
   642 :  2.6829524e-09 -4.1290979e-09 -3.3562376e-09
   643 :  1.7832734e-01  8.5349547e-03  4.2942177e-02
   644 :  3.0568298e-02  1.9312688e-01  1.6099463e-01
   645 : -1.3736754e-05  8.9370152e-05 -6.2099421e-06
   646 : -4.9781676e-06  2.9132190e-05 -9.0439795e-06
   647 :  1.9109246e-06  3.1441642e-06 -7.0820969e-07
   648 : -4.0684858e-07 -3.4322147e-07  1.6191397e-06
   649 : -9.5841993e-12  8.6020493e-12  7.1094841e-12
   650 :  4.1808795e-05 -8.3265843e-06  3.2486865e-05
   651 : -1.2865016e-05 -1.7731898e-04  7.4646892e-05
   652 :  4.5549819e-14  9.4213522e-14 -2.1386269e-13
   653 : -4.6658379e-14  1.5221954e-13 -4.7417430e-14
   654 : -2.8792946e-07 -2.6813002e-08  1.3571653e-07
   655 : -5.3802649e-08 -6.9919527e-07 -1.6723546e-07
   656 : -2.1101738e-11 -1.1258944e-11  4.8001184e-11
   657 :  1.0416124e-10  1.0965356e-10 -7.3582479e-11
