Number of elements 658
     0 :  4.0328467e-02  3.2862996e-02 -1.6879470e-02
     1 : -4.4293481e-04 -5.1761308e-03 -2.4494505e-03
     2 :  3.9815158e-03  6.4676981e-05 -5.7231779e-03
     3 : -9.3024819e-10 -6.8182965e-10  2.1965091e-10
     4 : -3.9872346e-08  7.3554018e-08  1.0347698e-07
     5 : -2.0743721e-07  2.2654094e-07 -1.5262692e-07
     6 : -3.0298914e-05  3.0855435e-05 -5.5994160e-06
     7 :  6.5341647e-02  1.8692965e-01  1.3493954e-01
     8 :  8.3945456e-02  2.0469256e-01  9.1091799e-02
     9 : -9.5965300e-08 -7.5110498e-08  2.2776653e-07
    10 : -3.2918407e-06 -5.1648550e-07  6.6531410e-07
    11 : -2.7586709e-08  1.5878989e-08  3.6061382e-08
    12 : -1.2310185e-01 -7.5806580e-02 -1.1262192e-01
    13 : -1.4226269e-04 -3.4478728e-05  6.5732063e-05
    14 : -5.5735586e-03  8.1432996e-04  1.1861979e-03
    15 :  4.3664103e-02  1.6575383e-01  1.3452632e-01
    16 : -4.1902007e-02 -2.7107284e-02 -6.8031267e-02
    17 :  2.5621185e-11 -8.6835531e-10  3.5932497e-10
    18 :  3.3694689e-05 -2.8240445e-05  1.2945851e-04
    19 :  2.1760170e-05  8.7942623e-05  2.8089166e-05
    20 : -9.5993558e-08  4.9824102e-07  4.2665182e-07
    21 :  6.6892116e-02  1.7214478e-01  3.6438057e-02
    22 : -1.0070935e-04  1.1649775e-05  1.0688534e-06
    23 : -6.5920936e-02 -1.9966618e-01 -3.5476908e-01
    24 : -1.0239376e-02 -1.6247017e-01 -1.8005803e-01
    25 : -4.6434179e-03 -1.1088756e-01 -5.4385944e-02
    26 :  5.9925110e-02  2.5303657e-01  1.5977609e-01
    27 : -5.9465163e-08  6.3756646e-08  2.8346794e-08
    28 :  6.8953265e-04 -1.7211840e-04 -3.0554546e-04
    29 : -3.5152663e-01 -4.1771176e-01 -2.9898495e-01
    30 :  1.3818951e-08  1.1214497e-08 -8.0101821e-08
    31 :  3.0522680e+00 -4.4461597e+00  1.3578113e+00
    32 : -6.7637087e-02 -8.7471867e-02 -5.4302735e-02
    33 :  2.8599385e-02 -8.3163539e-03 -1.0049100e-02
    34 : -2.3088238e-05 -2.4590385e-05 -5.1563567e-06
    35 :  1.6956110e-09 -8.9725879e-10 -1.1940415e-09
    36 : -7.5200417e-02 -5.1247045e-02 -3.8181299e-02
    37 :  3.9567205e-02 -1.0161178e-02  1.3580036e-02
    38 :  7.6705988e-01 -2.8211285e-01 -8.3749572e-02
    39 : -5.0608523e-03 -1.3942907e-02  2.7165872e-03
    40 :  4.7733638e-05 -4.8101686e-05  2.7686732e-05
    41 :  8.6119639e-02 -2.3636830e-03  1.5542793e-02
    42 : -3.8435461e-08  2.2461922e-07 -3.9797627e-08
    43 :  1.3225255e-01  7.3928115e-02 -1.0553504e-02
    44 : -4.5558713e-01 -4.1150485e-01 -3.4175536e-01
    45 :  8.7844704e-02  2.0962901e-01  7.5205746e-02
    46 : -2.9932430e-03  1.7771972e-03 -1.6403461e-03
    47 : -1.0882656e-09  7.4224365e-10 -1.1571997e-09
    48 :  2.8269415e-03  9.5272902e-05  2.3933492e-04
    49 : -3.3316435e-01 -3.1432833e-01 -2.5486347e-01
    50 : -5.1290445e-03 -1.1760350e-03  1.2912471e-04
    51 :  3.2079749e-01  2.3288438e-01  1.3754576e-01
    52 :  2.8379296e+00 -4.4247072e+00  2.6953197e+00
    53 : -8.1698504e-04  1.6651642e-03 -2.1568183e-03
    54 : -6.8866825e-02 -1.7977859e-01 -2.1069134e-01
    55 : -4.4434983e-02 -1.9864610e-01 -1.5500551e-01
    56 : -3.0074353e-02 -1.8859938e-01 -3.7617222e-02
    57 :  2.2276228e+00 -2.2154678e+00  1.9492640e+00
    58 : -2.7201395e-11  2.7227887e-11 -3.2766641e-11
    59 :  2.3697262e-01  1.2740615e-01  1.4432620e-01
    60 :  1.1935124e-01  1.0761708e-01  1.2082024e-01
    61 :  5.8922676e-02 -4.4387421e-02  8.7451514e-02
    62 :  1.6228555e-05  1.4462598e-05  3.1418595e-06
    63 : -8.2135235e-02 -1.1365112e-01  1.4314789e-04
    64 :  1.7769570e-05  9.5607789e-05  2.2031818e-05
    65 :  1.9588892e-01  1.1753766e-01  9.3342045e-02
    66 : -2.3681331e-05  1.2692325e-06  1.1793715e-05
    67 : -8.6353599e-02 -1.3005005e-01 -9.3691712e-02
    68 : -1.5244462e-01 -1.0424039e-01 -1.8579928e-01
    69 : -1.0673223e-02 -5.6552786e-02 -1.8667797e-02
    70 : -5.8561818e-03 -8.6305655e-03 -1.1116256e-03
    71 :  9.6962033e-02  1.4595425e-01  4.1814019e-02
    72 :  1.4056254e-01  1.7203839e-01  6.4764718e-02
    73 :  1.6280047e-01  4.9756207e-02  2.3093807e-02
    74 : -2.1678111e-08  2.5849394e-08 -3.0908830e-08
    75 : -8.4454463e-08 -1.6841224e-07  9.7356988e-08
    76 :  4.2122175e-02 -1.1197453e-02  1.9082429e-02
    77 :  1.5828490e-05  4.5551409e-06  2.4971197e-05
    78 : -5.5110816e-04 -2.3937265e-04  5.0444356e-04
    79 : -4.3707244e-08 -3.4594886e-09  1.3589452e-07
    80 :  7.0075617e-09 -2.3498181e-09  3.3053970e-10
    81 : -4.3355411e-04  2.5812826e-04 -6.2648749e-04
    82 :  8.9092170e-09 -9.2155168e-09  1.9975611e-08
    83 :  9.5064796e-06  2.9916033e-05 -1.9259466e-04
    84 :  1.3005762e-01  1.6101049e-01  1.0502191e-01
    85 :  2.3014502e-02 -1.1760637e-02  1.0771897e-01
    86 :  1.5460670e-07  2.4295226e-07  4.0941790e-08
    87 : -1.5646007e-05  3.3015746e-06 -1.6435793e-05
    88 : -1.7428013e-01 -1.7207248e-01 -1.6985049e-01
    89 :  9.7775579e-04  6.1077561e-04  1.1361877e-03
    90 :  1.6003062e-01  1.1175620e-01  1.3997631e-01
    91 : -1.7999062e-01 -3.3160949e-01 -2.8291669e-01
    92 :  2.8377644e-04 -5.3839850e-05  1.3001325e-03
    93 :  4.7807852e-02  1.2929462e-02  9.1090095e-02
    94 : -7.4766364e-02 -8.7969105e-02 -2.5632592e-01
    95 :  5.3627944e-02 -9.2974391e-02 -1.1494247e-01
    96 :  6.2290339e-05 -9.1919645e-05  1.4083973e-04
    97 : -9.2359479e-02 -1.3193455e-01 -1.5308135e-01
    98 :  1.0503879e+00 -3.4739188e-01  3.4820072e-01
    99 :  8.5290490e-06  1.2810740e-04  1.6517338e-04
   100 : -8.7419202e-05  8.4099345e-05  3.2032551e-05
   101 :  2.9694282e-03 -2.2047969e-03 -6.5821027e-03
   102 : -1.5833136e-01 -1.5468357e-01 -1.7440196e-01
   103 :  2.0466158e+00 -3.5936465e+00  2.2426945e+00
   104 : -8.5910541e-03 -1.1290411e-02  2.3862468e-02
   105 : -2.6797502e-05  8.2518131e-06  1.7710070e-05
   106 : -4.1477420e-04 -2.9963348e-03 -4.8474654e-03
   107 :  5.7146516e-06 -2.0267647e-05 -2.2848943e-05
   108 : -2.0029177e-06  8.1025359e-07  1.8228041e-07
   109 : -8.9297347e-05  4.7397861e-05  9.3480817e-05
   110 :  1.6465389e-01  1.8605683e-01  5.5054058e-02
   111 :  2.0246653e-04 -7.6150999e-05  1.5201387e-05
   112 : -8.1133599e-03  3.2451286e-02  6.5679298e-02
   113 :  1.0165438e-01  7.4813343e-02  1.7698781e-01
   114 : -6.7967992e-02 -8.1417785e-02 -1.9395255e-01
   115 :  3.1751827e-01  8.1529234e-02 -5.9044903e-02
   116 :  1.9620818e-05  7.9829081e-05  7.5835075e-05
   117 : -1.1147528e-02  4.3261443e-03 -7.6687606e-03
   118 :  6.6700600e-03  1.0947617e-02  1.2872295e-02
   119 :  2.3883074e-03 -1.2088198e-03  3.4268766e-03
   120 : -3.8091395e-01 -3.2571507e-01 -4.3277130e-01
   121 : -4.1582078e-07 -2.4444779e-06  6.3391757e-07
   122 : -6.8178579e-01 -3.3832559e-01 -5.0643735e-01
   123 : -5.6534947e-02 -5.6026905e-02 -3.2100419e-02
   124 : -4.8859007e-02 -3.6994225e-02  7.8705755e-02
   125 : -1.6705052e-07 -3.1737821e-06  7.2918426e-07
   126 : -3.5496135e-04 -2.0822852e-04  5.0400382e-05
   127 :  1.9042234e-06  5.0035186e-06 -4.1058357e-06
   128 :  2.2405688e-04  2.7935611e-04  7.2915678e-04
   129 : -1.1104624e-01 -8.5692625e-02 -5.9775211e-02
   130 : -3.8368586e-05  7.0902815e-05  6.7746785e-05
   131 :  2.5037697e-01  3.4349507e-02 -1.0599743e-01
   132 : -2.8003444e-06  1.0829398e-05 -3.1428968e-06
   133 :  1.0858727e-06  5.1005992e-07 -2.6937230e-06
   134 : -1.2810639e-01 -8.1078120e-02 -5.3351677e-02
   135 :  1.9358902e+00 -9.8220775e-01  2.2253558e+00
   136 : -1.2105173e-03 -7.5003726e-03 -3.2218204e-04
   137 :  1.4925662e-09  5.5001239e-10 -2.1288476e-09
   138 :  3.3954433e-07 -7.1433372e-07  1.0211617e-07
   139 :  9.7839547e-01 -1.1552430e+00  1.5415963e+00
   140 :  8.4557625e-04  8.4938338e-04 -1.7543998e-04
   141 :  1.0746300e-05  1.5593050e-04 -2.2013569e-05
   142 : -4.5053063e-02 -1.2556334e-01 -4.1153260e-02
   143 : -5.7980099e-05  3.8960136e-05  1.7006716e-05
   144 :  1.9346722e-03  2.6438994e-03 -7.3850878e-03
   145 : -7.2481142e-08  6.2648768e-09 -7.8016447e-08
   146 :  1.0849083e-01  3.5197611e-02  1.3834930e-01
   147 : -1.3025956e-02 -2.8185496e-02 -3.4088891e-02
   148 : -3.1582421e-07 -5.0892613e-07  9.5715827e-06
   149 :  3.4045751e-02  2.1289022e-01  9.9133623e-02
   150 :  3.8662054e-05  3.5474200e-05 -2.6387982e-05
   151 : -1.3942867e-01 -8.4179292e-02 -1.1654298e-01
   152 :  2.1391875e-08 -8.3430096e-09 -3.8395300e-09
   153 :  1.3076104e-01  7.3164159e-02  5.2156391e-02
   154 : -1.1937869e-04 -4.6619710e-05  1.9189426e-04
   155 : -6.4358122e-04  3.9104651e-04  8.3271207e-04
   156 :  1.2487102e-05  2.2909543e-05 -1.0039405e-05
   157 :  1.7043952e-01  1.2006324e-01  8.2963305e-02
   158 : -9.2546319e-02 -8.9310056e-02 -1.3653677e-01
   159 :  3.4495197e-05 -1.6083967e-04 -2.8274500e-04
   160 : -1.9539496e-02 -1.1492245e-01 -8.4820580e-02
   161 : -6.2745942e-01 -6.7474986e-01 -4.6716276e-01
   162 : -1.2216307e-01 -1.6748804e-01 -1.7104564e-01
   163 : -6.8740215e-02 -1.4317625e-01 -1.3629340e-01
   164 :  1.6911716e+00 -2.2745972e+00  2.6471800e+00
   165 :  4.2014435e-02 -1.5446472e-01 -2.9084199e-02
   166 :  1.0570825e-01 -5.3611514e-02  3.5086818e-02
   167 :  9.9364965e-07  3.0310717e-07 -1.7828787e-06
   168 :  5.6528890e-03 -7.5971382e-03 -6.2626967e-03
   169 :  9.8049661e-07 -2.8437510e-06 -1.7807814e-06
   170 : -1.7322443e-03 -3.9701713e-03 -1.8508627e-03
   171 :  8.2475696e-06  3.7006104e-05  3.5993720e-06
   172 : -1.0991039e-02 -8.1045441e-03 -8.5221053e-04
   173 : -1.0569698e-01 -7.6460901e-02 -1.2894586e-01
   174 : -1.8629710e-05  1.0947096e-04  9.4185712e-05
   175 : -5.7544681e-04  1.4066658e-03  2.9557949e-03
   176 : -5.3932068e-04  4.8028525e-05  2.4233816e-03
   177 : -1.0833228e-01 -9.5033893e-02 -7.9137639e-02
   178 : -5.2198232e-02 -1.2872793e-01 -1.3309478e-01
   179 : -8.8830037e-02 -7.6244612e-02 -9.3477182e-02
   180 : -3.9043743e-01 -6.3841544e-02 -1.6611840e-01
   181 : -1.3615367e-01 -1.1265734e-01 -2.7049659e-02
   182 : -1.2110947e-01 -1.2557437e-01 -8.8737491e-02
   183 : -1.9214890e-05  8.0780852e-06 -1.8241467e-05
   184 :  4.2381998e-03 -8.0862700e-02 -8.9665243e-02
   185 : -5.0541205e-11  1.1490397e-10 -3.3106012e-11
   186 : -8.0119887e-04 -3.7180770e-04  8.7587422e-04
   187 : -1.3509901e-01 -1.0603480e-01  9.1795691e-02
   188 : -6.7226013e-06 -9.6136821e-07  1.3495496e-05
   189 :  1.4116077e-06 -1.4860575e-06  3.5237172e-06
   190 :  1.5839526e+00 -1.7319267e+00  9.1547260e-01
   191 : -1.4441948e-01 -5.1321597e-02 -4.6517944e-02
   192 : -1.6909073e-01 -2.0657716e-01 -2.2361450e-01
   193 :  1.1624634e-03 -6.3424516e-04  2.6230551e-03
   194 : -1.6707680e-05  8.4183775e-05 -1.1492048e-05
   195 : -8.8232676e-08  5.1726741e-07 -7.1824051e-08
   196 :  1.2843916e-04  5.7004536e-05 -2.7318279e-05
   197 :  2.4235036e-02  8.0666014e-02  2.6424753e-02
   198 :  1.8210345e-08 -7.0537450e-08  4.4986587e-07
   199 :  6.0074892e-06  2.6551404e-05 -6.5921719e-05
   200 :  5.7919755e-07  2.4614869e-07 -3.7061261e-07
   201 : -3.4459566e-02 -5.6917887e-02  2.0632998e-04
   202 :  6.8123680e-01 -2.5515921e-01 -3.5059232e-01
   203 :  9.3091005e-08 -2.8162438e-07  5.3776265e-08
   204 :  6.5318429e-02  6.6236890e-02  1.6416367e-01
   205 :  2.3747798e+00 -3.7583958e+00  3.0134102e+00
   206 :  7.0279930e-04 -2.4155744e-02  1.5541456e-03
   207 :  3.0514559e-07  3.6790765e-07 -8.4408662e-07
   208 : -1.1220654e-01 -1.2102911e-01 -8.8244659e-02
   209 : -1.0738731e-07  1.9949121e-07 -9.6844128e-09
   210 :  6.5647479e-02 -9.0186831e-02 -2.9462165e-02
   211 :  9.6205144e-02  8.5962563e-03  3.7854131e-02
   212 : -1.6582609e-01 -7.2855063e-02 -3.5188502e-01
   213 : -1.5109854e-01 -4.8759831e-02 -1.6710625e-01
   214 :  5.4120652e-02 -1.1335433e-02  1.3923777e-02
   215 :  2.7691415e-05 -1.8525888e-05  2.1203767e-05
   216 :  2.9276154e-02 -3.6462235e-03 -3.1249761e-02
   217 :  2.8379180e-08 -6.0294021e-08  2.5369739e-08
   218 :  1.2543909e-01  7.6864180e-02  1.2559411e-01
   219 :  2.1167485e-02 -1.7456159e-01 -8.7092327e-02
   220 :  2.3245938e-05  8.9914816e-05  7.6395766e-05
   221 :  2.6712391e+00 -5.2968933e+00  2.1625858e+00
   222 : -6.6631235e-08  1.3347605e-08  1.3035718e-08
   223 : -9.1250038e-02 -8.1888560e-02 -2.5761987e-02
   224 :  7.9031749e-05 -2.1103181e-04 -3.7035635e-04
   225 :  9.8412702e-06 -1.5274079e-07  4.7182717e-06
   226 :  6.1779605e-05 -4.9236490e-04  1.5707991e-04
   227 : -2.3311299e-07 -1.9757791e-07  7.9586831e-08
   228 : -2.5202110e-09  8.5961311e-10 -5.2631737e-10
   229 :  8.0646293e-05 -2.1787380e-04  1.3478492e-04
   230 :  1.7904197e-06  4.0723393e-06 -1.3356283e-05
   231 :  9.6744025e-03 -2.1725985e-02  2.0988591e-03
   232 :  6.1595881e-07 -3.6096551e-07  2.3832866e-06
   233 :  6.2163615e-03 -4.1966350e-02 -1.4532108e-01
   234 :  3.3947905e-05  2.6378218e-05  6.9560041e-05
   235 : -1.3163231e-05 -2.1209594e-05  8.4887546e-05
   236 : -9.2022142e-03 -3.5903035e-03 -1.8597353e-04
   237 :  2.3626322e+00 -3.1402500e+00  3.4992712e+00
   238 : -9.1796166e-11  1.3364379e-10  1.0353426e-10
   239 : -1.0407087e-01 -2.3009329e-01 -3.0743779e-01
   240 :  9.7870117e-06  2.5687678e-06 -6.0383804e-06
   241 :  1.8856362e-01  1.4287283e-02  1.1296511e-01
   242 :  2.5977561e-04  6.1114693e-04  1.2582992e-05
   243 : -8.9017219e-02 -4.7064308e-02 -4.8266101e-02
   244 :  5.9132328e-01 -3.9247799e-01 -5.5968528e-01
   245 : -8.5803900e-05 -6.1381575e-05  2.8302749e-04
   246 : -1.0229389e-11  1.3293259e-11  1.8862432e-11
   247 :  2.0507488e-01  7.9062149e-02  1.2614361e-01
   248 : -1.0263487e-01 -1.8675252e-02 -1.7422819e-01
   249 : -5.0919223e-05  3.8960004e-06  2.9925407e-04
   250 : -9.0702019e-02 -1.0937356e-01 -2.1981617e-01
   251 : -2.3373804e-04 -7.1766757e-05  5.1698593e-05
   252 :  2.9357941e-01 -5.1564521e-02 -7.7391314e-02
   253 :  9.3763743e-04 -2.9184370e-04  4.1285450e-04
   254 :  6.9045661e-01 -6.3680037e-02 -1.3388748e-01
   255 :  1.9475185e-01  1.3974863e-01  7.5787677e-02
   256 :  7.1889576e-02  1.3456710e-01  2.5207545e-02
   257 : -1.1293128e-08  1.5953136e-07 -5.5263780e-08
   258 :  1.1425910e-06 -2.0719133e-05 -3.2420084e-05
   259 : -2.3621448e-10  1.8642435e-10  5.1150593e-10
   260 :  1.0211447e-08 -7.3930401e-09  7.8472675e-09
   261 : -1.9098780e-01 -1.0288922e-01 -1.8189319e-01
   262 :  1.7050528e-02  1.9295425e-01  1.1865104e-01
   263 :  1.2798617e-04  4.2581313e-05 -9.0508905e-05
   264 : -8.7680715e-07 -2.1926960e-07 -4.2554308e-07
   265 :  3.8012061e-05  4.4904040e-05  9.0352101e-06
   266 :  1.4128224e-03 -4.5189525e-03  2.6113977e-03
   267 :  1.0452356e-01  1.0993245e-02  1.0332857e-01
   268 :  2.2492326e-01  2.8914241e-01 -1.1201925e-01
   269 :  1.7355537e-03  1.8679609e-03 -2.9426643e-05
   270 :  1.0663922e-03  2.6909023e-03 -3.8748818e-03
   271 : -7.5778024e-04  3.1009920e-04 -4.7565058e-04
   272 : -3.0207173e-02 -5.2040600e-02 -1.9102883e-04
   273 : -3.7443838e-02  2.0896302e-01  8.4974054e-02
   274 :  7.6047150e-02  1.2886448e-01  1.3265776e-01
   275 :  1.9099793e-06 -1.0884307e-06 -8.8583171e-07
   276 : -6.6347183e-04  1.4885958e-03  2.6146492e-03
   277 : -4.1144664e-07  2.5552030e-05  7.8093146e-06
   278 :  2.9104726e-02  1.0858012e-01 -1.2950045e-02
   279 : -3.7480797e-03 -6.5842290e-03 -1.0163036e-03
   280 :  4.1561673e-04 -1.8584710e-03  2.5604015e-04
   281 :  6.8130255e-02 -7.8795798e-03  2.0309737e-02
   282 : -4.9720016e-09  1.1625174e-08  2.2047348e-08
   283 : -4.8172499e-02 -2.8389177e-01 -1.4169557e-01
   284 :  2.4743975e-03 -2.0431566e-03  1.0314699e-03
   285 :  3.1639377e-03 -6.8504136e-04 -1.5836076e-03
   286 :  5.4218701e-03 -1.4012366e-02 -8.6387257e-03
   287 :  2.3162890e-01  1.6768257e-01  1.1281675e-01
   288 :  3.7792354e-08 -8.1919037e-08 -2.2900682e-08
   289 : -3.4079547e-05 -1.1221905e-05  8.5285835e-05
   290 :  1.5984268e-05  7.2143112e-05  1.0503939e-04
   291 :  2.2663692e-02 -1.3229031e-02  4.8127119e-02
   292 : -1.0676311e-07  3.3923450e-08 -5.3039279e-08
   293 : -3.0376931e-06  1.0865200e-06 -1.7082991e-06
   294 : -1.1614533e-04 -8.2588921e-06  1.0438648e-04
   295 : -2.4588885e-01 -2.9874923e-01 -2.5494304e-01
   296 :  4.3300031e-02  1.1331417e-02 -8.0736301e-03
   297 :  1.7304678e-01  1.5984171e-01  7.9847374e-02
   298 :  9.0131724e-05 -5.0047006e-04  3.3098796e-05
   299 : -9.1514917e-03 -1.0241007e-02  3.0952253e-03
   300 :  1.1787087e-03  4.5758934e-05 -2.6146629e-04
   301 :  8.6565680e-02  1.7399376e-01  7.0707123e-03
   302 : -1.9304276e-01 -1.1834807e-02 -2.7344283e-01
   303 : -3.6726226e-04 -4.5065098e-04  2.5215948e-03
   304 :  2.2965257e-02 -1.7582016e-01  9.5469847e-02
   305 :  5.2302055e-07  5.7649429e-07 -8.1829518e-08
   306 : -4.8905974e-07 -4.3759978e-07 -4.4453054e-07
   307 : -5.9073440e-03  1.5420078e-04 -9.6351520e-04
   308 :  1.7707542e-01  1.1520466e-01  1.7731378e-01
   309 : -1.1598576e-01 -1.2708430e-01  6.2359233e-02
   310 :  4.3916360e-02  6.6068089e-02  7.9748934e-02
   311 :  5.7426008e-04 -1.7455335e-04  6.1160177e-05
   312 : -3.3295714e-03  2.3466323e-02 -5.6882139e-03
   313 :  4.4058971e-05  9.0169849e-05  4.6772418e-05
   314 : -1.4271827e-01 -1.3935097e-01 -9.9613534e-02
   315 : -1.1958317e-02 -6.5143060e-03  2.9438843e-03
   316 :  3.5578335e-06 -6.3997533e-05 -2.0544139e-04
   317 : -6.3255793e-04  3.9601223e-05 -3.6205287e-04
   318 : -5.2916612e-02 -7.0429991e-02 -1.0280592e-02
   319 :  6.2445466e-02  8.5377011e-03  1.0947772e-01
   320 :  1.4120066e-01  8.1177423e-02  1.9947069e-02
   321 : -7.4329195e-03 -1.5922468e-02  4.4580308e-03
   322 :  2.5596287e+00 -5.2236246e+00  2.5006674e+00
   323 :  1.3886923e-02  2.7551650e-02  2.3783018e-02
   324 : -1.4923655e-01  4.5951128e-03 -1.2319771e-01
   325 :  5.4183452e-08  6.0321490e-08 -1.5137009e-07
   326 : -5.7717596e-03 -2.7499980e-03 -7.5874664e-03
   327 :  1.3396306e-01  9.0693134e-02  4.7316551e-02
   328 :  4.2085020e-08 -1.2105274e-07  4.0328654e-08
   329 :  1.0747788e+00 -1.9682833e-01 -1.9613820e-01
   330 :  1.7415326e-01  7.4396745e-02  1.3935827e-02
   331 :  6.9445236e-02  6.7267936e-02  7.8370439e-02
   332 : -8.7678203e-05 -2.8520578e-05 -2.3553548e-04
   333 :  7.0772605e-02  2.3566843e-01  1.2418378e-01
   334 :  1.4437631e-05 -3.7527880e-03 -1.2248322e-03
   335 : -1.3238359e-04  2.7644394e-06 -7.6864540e-05
   336 :  1.2879693e-03  3.9555647e-04  5.5031850e-04
   337 : -4.6136202e-04 -3.5478354e-04 -2.6665075e-05
   338 :  3.2740109e-04  1.5981685e-05  7.5262393e-04
   339 :  9.4916931e-02  1.6821959e-01  1.2710926e-01
   340 :  6.4161303e-08 -1.3018548e-07 -6.2304581e-08
   341 : -1.8453799e-04 -5.7768142e-04  3.7508930e-04
   342 :  1.1070430e-05 -1.3960205e-04  2.6751817e-05
   343 : -4.2157864e-04 -9.2596844e-04  1.9342149e-04
   344 : -6.3956986e-03 -7.7986939e-03  7.5162703e-04
   345 :  7.9433694e-02  1.6442357e-01  5.5432156e-02
   346 : -3.0578185e-03  2.3714457e-02 -4.0930217e-03
   347 :  3.3095387e-04 -4.6805804e-05  2.8079305e-04
   348 : -4.9357483e-09 -2.5932673e-08  1.2979397e-08
   349 :  5.3575537e-02 -3.4668984e-03 -3.8683795e-03
   350 : -3.4903973e-03  7.2735285e-03  1.0747408e-03
   351 :  1.2952735e-01  1.4032102e-01  4.6112963e-02
   352 : -1.9835261e-04 -2.1279757e-04 -4.4550433e-04
   353 :  1.3460007e-01  1.7869871e-01  4.5653318e-02
   354 : -2.0718607e-05  2.5869828e-05  9.8966574e-05
   355 :  4.1669126e-04 -2.9279119e-04  1.8949679e-04
   356 :  4.8595216e-05  2.0013124e-04 -2.3312689e-04
   357 :  1.1752891e-05 -8.1578124e-06 -2.0245458e-06
   358 :  2.6019190e-03  1.6387495e-03 -6.7636041e-03
   359 : -3.8812083e-05 -1.9658340e-05 -8.7186401e-06
   360 :  2.1180292e-03  2.8888677e-03 -1.4441517e-03
   361 : -2.1688492e-03 -3.1538522e-03  2.1899172e-02
   362 :  6.0830807e-05 -1.4652729e-05 -1.4407303e-04
   363 :  3.0552638e-03 -7.6244945e-03 -7.5657516e-03
   364 :  2.2190544e-04  3.3901777e-05  6.9910432e-04
   365 : -7.7090736e-03  7.6435574e-02  4.8939668e-02
   366 : -9.5423917e-02 -9.9788188e-02 -2.2268130e-01
   367 : -3.8316187e-02 -1.0084642e-02 -8.8495516e-02
   368 :  7.3180001e-02  1.5787509e-02  1.6751222e-01
   369 :  8.5872625e-02  1.1184392e-01  6.7316898e-02
   370 : -1.5093956e-09  2.1602828e-09  1.5243685e-08
   371 :  1.5629343e-01  5.5078095e-02  4.9204288e-02
   372 : -1.2880382e-11  2.0896912e-10 -8.1559383e-12
   373 : -1.7985183e-05 -1.6557363e-05 -9.0433524e-06
   374 :  1.4299908e-06 -9.5998008e-07  1.1262562e-06
   375 : -7.6444026e-04  1.9799155e-03  8.2917292e-04
   376 : -2.6703639e-04 -2.4219957e-03  9.1005236e-04
   377 : -8.2975206e-05  3.4575042e-04 -6.8835303e-05
   378 : -6.8444070e-08 -1.2137519e-07  1.1314244e-06
   379 :  1.8167509e-01  1.6488332e-01  6.0506925e-02
   380 :  3.3651181e-04  4.6289353e-04 -2.2155339e-03
   381 : -1.5188632e-05  1.0427680e-04 -1.5227256e-05
   382 :  1.9431468e-06 -4.4224434e-06 -1.2453848e-06
   383 : -7.0602442e-11 -5.5259902e-12  5.8553903e-11
   384 :  4.1790705e-05 -6.0550466e-05  1.7436307e-05
   385 :  9.8096020e-02  4.8270150e-02  9.4214560e-02
   386 :  4.0813220e-05 -2.6125190e-04  8.1343478e-05
   387 : -4.6308801e-06  1.5429249e-05  1.8781347e-06
   388 : -1.1581737e-03  1.6127245e-03  6.8973355e-04
   389 :  1.1475395e-04 -2.0205219e-04 -5.6521698e-04
   390 :  2.7691233e-07  4.3638159e-05  1.3274870e-04
   391 :  1.4420575e-01  1.1640223e-01  6.7587879e-02
   392 : -1.7428937e-04  7.2736460e-05 -7.0160659e-05
   393 : -2.2883471e-04  5.8654183e-04  2.2078401e-04
   394 :  2.0605042e-04 -1.0717910e-04 -7.6099643e-05
   395 : -2.4329499e-03 -1.7614524e-03 -2.8074771e-03
   396 : -3.1925547e-03  3.5173013e-02 -1.1612759e-02
   397 :  1.8171918e-01  8.7083685e-02  5.4664749e-02
   398 : -3.6306379e-08 -4.1820473e-08  1.2845023e-07
   399 :  7.7544285e-06  5.8454129e-05 -8.0485676e-05
   400 :  4.4426388e-05 -1.3977068e-04 -8.2871279e-05
   401 :  4.7934781e-02  9.9782096e-02  7.5337824e-03
   402 :  1.7322148e-01  6.0926980e-02  6.1040905e-02
   403 :  4.7635553e-03 -1.1289730e-02 -1.5657278e-03
   404 : -3.5698759e-05  7.9579505e-05 -2.0189391e-04
   405 : -8.9304010e-04  1.1007851e-04 -5.9211256e-04
   406 :  1.1671724e-01  1.7529768e-01  8.2171140e-02
   407 : -1.0520292e-04  3.8914194e-05  3.8326812e-05
   408 : -1.5787448e-05 -3.8784532e-06 -2.1541138e-05
   409 : -3.4964283e-04 -1.0368141e-04 -2.7870965e-04
   410 :  1.8067730e-05  7.1878381e-05 -3.4687373e-06
   411 :  3.9140978e-04  3.6623945e-05 -3.3900526e-04
   412 :  9.0201818e-04  4.7600340e-04 -2.3586670e-03
   413 : -8.0224251e-04  2.7125216e-04  2.1562484e-03
   414 :  3.3084162e-04  4.8560637e-05  5.8289307e-04
   415 : -9.2533629e-06 -2.0076305e-04 -4.5810042e-05
   416 : -2.4238600e-05  1.6231594e-05  3.9196183e-06
   417 :  9.2002844e-02  1.1793199e-01  3.5499572e-02
   418 :  1.0754624e-01 -6.0731047e-02  7.2908100e-01
   419 :  1.5159762e-01  9.7552115e-02  9.0024598e-02
   420 :  1.9104928e-01  2.7768579e-01  1.3889406e-01
   421 : -6.1289517e-03 -6.6351300e-04 -6.3750216e-03
   422 : -9.5863438e-09  2.3071413e-08  2.3855819e-09
   423 :  1.8858670e-03 -1.5427524e-05  1.6597897e-04
   424 :  6.7050831e-02  1.0008092e-01  3.4461598e-02
   425 : -1.1666212e-06  1.7208102e-07  8.5981057e-07
   426 :  9.7376154e-04 -5.1234720e-03  2.2877095e-03
   427 :  4.7743797e-02  1.4249129e-01  9.7998564e-02
   428 : -5.1841798e-06  8.1552691e-06  1.8513004e-05
   429 :  2.7936330e-05 -4.1708004e-05  1.0949702e-05
   430 :  8.7781108e-02  5.9690011e-02  5.3386184e-02
   431 : -7.4809928e-03  6.9248677e-02 -4.5605548e-02
   432 :  5.9433433e-02  3.8897296e-02 -7.7676151e-03
   433 : -9.4482364e-05 -7.5923280e-05  1.0308379e-05
   434 : -1.2048436e-04 -3.5131890e-05  4.0557926e-05
   435 :  5.6586582e-03 -4.1100107e-03 -1.5515036e-03
   436 : -1.0863943e-01 -9.1018423e-02 -8.3774678e-02
   437 :  4.8617870e-04  9.7990303e-04  2.0740416e-04
   438 : -2.5300435e-01 -2.6925460e-01 -2.2969015e-01
   439 : -4.8491064e-02 -8.9649537e-02 -8.4695596e-02
   440 :  2.3792242e-04  5.8000685e-04  9.1092071e-04
   441 :  5.2562803e-06  1.8193495e-06 -2.2716230e-06
   442 : -1.9779387e-01 -1.1820361e-01 -1.3650549e-01
   443 :  1.4557348e-05 -4.6150910e-06 -1.6842548e-05
   444 :  4.0014770e-04  5.0916973e-04 -9.1430115e-05
   445 :  1.5393400e-08 -1.8426550e-08 -1.8942915e-08
   446 :  6.4579479e-01 -1.6943331e-01 -8.7785986e-02
   447 : -6.7890121e-04 -1.2262846e-04  1.1617560e-04
   448 :  4.4819822e-06 -2.0792394e-05  5.2422139e-06
   449 :  1.3838572e-01  1.1639463e-01  1.6202602e-02
   450 : -9.5521957e-03 -1.2863505e-02 -4.9304491e-04
   451 : -8.4175749e-02 -7.7070987e-02 -5.2118974e-02
   452 :  7.8867145e-04  7.7548642e-04  1.7250559e-05
   453 :  4.6981853e-05 -2.0244018e-04 -2.6356661e-04
   454 :  1.7811745e-01  1.0732713e-01  1.3490553e-01
   455 :  2.0466386e-01  1.7171686e-01  1.5510584e-01
   456 :  2.0703024e-04 -6.0922255e-05 -2.3199443e-04
   457 : -9.1094069e-05  1.5746855e-04 -4.4496119e-05
   458 : -1.1376442e-01 -7.2701190e-02 -6.2619554e-02
   459 : -7.5874593e-03  2.6930750e-02  1.2836957e-02
   460 :  1.9699385e-09 -2.1775675e-09 -5.3048534e-09
   461 : -7.9214835e-05 -1.8024446e-04 -2.0628438e-04
   462 :  1.0498010e-05 -3.5158859e-03 -8.4032079e-03
   463 : -7.3918061e-04  2.8043880e-03 -6.8684916e-04
   464 : -2.7202508e-08  1.2770444e-07  1.5366134e-08
   465 :  4.4900203e-02  1.2925958e-02  7.0779776e-02
   466 :  1.3608163e-04  1.1952130e-04 -2.2953507e-04
   467 : -4.6248397e-04  1.0554883e-04  6.6445254e-05
   468 :  8.8520902e-02  1.3228495e-01  7.2658377e-02
   469 : -1.4689075e-02 -3.7329701e-02 -4.1891578e-02
   470 :  4.9279991e-06 -2.1443007e-06  2.6448308e-06
   471 :  6.2444687e-02  1.5388897e-01  1.9583007e-02
   472 : -6.0892061e-02 -1.1172888e-01 -8.6614947e-02
   473 : -1.3265736e-07 -1.2831910e-07  3.4775967e-07
   474 :  6.3203395e-02  2.1652246e-02 -1.2396452e-02
   475 : -1.5280821e-04  1.3050109e-04 -5.0694495e-04
   476 :  4.6560794e-02  1.1418772e-02 -2.1075840e-03
   477 :  2.3968784e-08  2.4228274e-07 -6.3110067e-08
   478 :  9.7199897e-02  2.1024166e-02  1.5270226e-01
   479 :  2.1774955e-02  8.0012754e-02  5.6579451e-02
   480 :  1.1330081e-01  3.0145750e-02  8.7698238e-02
   481 : -2.7683768e-02  4.2929492e-02 -1.9942845e-02
   482 : -8.3954433e-05  1.7255196e-05 -8.4038834e-05
   483 :  1.5544473e-03 -5.1805049e-03 -5.2913804e-03
   484 :  7.9337308e-02  8.1284844e-02  2.1175526e-01
   485 : -2.0446674e-02  5.1290021e-03  3.4668807e-03
   486 :  7.2700807e-02  2.1725931e-01  2.5328277e-01
   487 : -4.6098248e-04 -1.0464498e-02  2.3597312e-03
   488 :  1.3446670e-06  9.2475046e-08 -5.2577452e-07
   489 :  1.3230465e-03 -9.1967356e-04 -8.8631083e-04
   490 :  2.1617141e-09 -7.8918933e-10 -7.2511216e-10
   491 :  1.1825600e-01  8.3560409e-02  1.9119728e-01
   492 :  3.0068505e-04 -7.8549857e-04  3.9577145e-04
   493 :  1.8986289e-04  1.2163080e-04 -6.9100166e-04
   494 : -2.1171040e-05  3.6941331e-04 -3.5807151e-04
   495 :  1.8841094e-03  8.8873294e-02  2.3235156e-01
   496 :  1.8845981e-05 -2.1571874e-05 -5.6189409e-06
   497 :  1.5092426e-03 -1.7929560e-04  8.3796264e-04
   498 :  1.7747266e-01  1.7327347e-01  3.5632187e-02
   499 :  6.7775158e-02 -7.6417151e-03  3.0304731e-03
   500 :  6.2589572e-02  1.9140761e-01  2.6672777e-01
   501 :  9.4892622e-06  4.8938118e-06 -2.1090307e-05
   502 :  4.5387701e-02 -1.7678790e-03  1.4977054e-02
   503 :  3.8074322e-02  1.1318336e-01  1.2782249e-01
   504 :  1.5199863e-04 -3.4382328e-04  2.0722750e-04
   505 :  5.7982327e-02  2.5282883e-03  3.3526442e-03
   506 :  9.0405815e-05  2.6861474e-04 -5.5943577e-04
   507 :  2.1910396e-01  1.8883884e-01  6.7955076e-02
   508 : -1.3822668e-05  1.3148596e-04  1.5522152e-04
   509 : -1.7698104e-07  5.6883893e-07 -3.8549492e-06
   510 :  1.3135230e-01  1.8416130e-01  3.9061694e-02
   511 :  1.2919164e-01  1.4889886e-01  7.4418490e-02
   512 :  2.7022691e-07 -2.6045541e-08 -2.8369258e-07
   513 : -1.3992311e-04 -1.6949646e-04 -1.9051079e-05
   514 : -8.6464821e-05  3.2373492e-04  4.8477516e-06
   515 : -1.8731022e-04  9.7791235e-05 -2.6893987e-04
   516 : -5.6351811e-03  3.3068690e-03 -4.6139932e-03
   517 : -4.3735139e-02 -2.0706847e-02  3.5240871e-02
   518 : -7.1050882e-08 -8.3905498e-07  6.9911929e-08
   519 : -3.3276533e-02  8.4685941e-02 -7.0986745e-02
   520 :  2.7905465e-07  9.2324021e-07 -4.6567025e-07
   521 : -4.0023985e-05  6.5339288e-05 -4.2112571e-05
   522 :  2.0377382e-03  1.7778405e-03 -1.2327468e-03
   523 :  5.6260584e-09  2.6439453e-09 -3.9250612e-09
   524 :  8.1749638e-02 -5.9913280e-03  1.5346446e-02
   525 :  1.9448816e-04 -4.0196269e-04 -8.6596806e-05
   526 :  1.0755486e-03  1.3246495e-03 -1.3176866e-03
   527 : -8.3536317e-06  8.2658374e-06 -1.0412937e-05
   528 :  1.3215648e-01  1.9946093e-01  1.5919331e-01
   529 : -3.9734870e-07  5.2174841e-07 -1.6500108e-07
   530 : -5.0290401e-04  7.7537241e-04  1.3290312e-04
   531 :  4.3130180e-04 -3.4632080e-04 -8.2529561e-04
   532 :  5.4503090e-04 -1.6343010e-04 -2.0648838e-04
   533 :  5.2086082e-08 -2.0125783e-07 -2.5794242e-08
   534 :  6.2832296e-02  1.0043904e-01  2.9266198e-02
   535 :  1.3326917e-03  2.9481569e-03  4.5251634e-04
   536 :  9.7422060e-02  1.7466246e-01  1.9891413e-01
   537 :  2.5044344e-02  5.4082474e-02  1.8799192e-01
   538 :  2.3568023e-02  1.0276369e-01  1.0415643e-01
   539 :  3.0110689e-05 -7.3735650e-07  1.4144671e-05
   540 :  2.3515973e-01  1.0611055e-01  9.3021798e-02
   541 :  4.0154199e-06  3.3293068e-06 -1.3199739e-05
   542 :  1.5712304e-01  5.1741465e-02  7.3795409e-02
   543 :  5.3788867e-07 -5.3426054e-07  1.0214200e-06
   544 : -1.5705615e-02  2.1490684e-01  8.0575960e-02
   545 : -3.3918830e-02  2.7197112e-02 -1.5841934e-01
   546 :  7.6113684e-04 -7.3074070e-06  4.8627265e-04
   547 : -1.2429020e-04 -2.4198848e-04  1.8647082e-04
   548 : -2.0124928e-02 -2.2880727e-02 -3.0353244e-03
   549 :  4.0519323e-08  4.2677893e-08  1.7218023e-08
   550 :  3.9809295e-05  5.2496016e-05  6.1168605e-07
   551 :  9.4619517e-06  3.3144920e-06  8.3884687e-05
   552 :  4.6119939e-04  5.7708988e-04  2.9676727e-05
   553 : -8.2355680e-02 -1.2056366e-01 -8.6911354e-02
   554 :  1.6296964e-03 -2.2504786e-04 -2.6299174e-05
   555 :  3.9998295e-04 -5.5921360e-04 -7.7473379e-04
   556 :  8.6316335e-04 -5.9818156e-02  1.1791079e-02
   557 :  1.4158446e-01  9.7091190e-02  5.5229920e-02
   558 :  2.0854179e-02  5.3288093e-03  4.1074556e-02
   559 :  4.5280762e-04  1.5128533e-04  8.3423632e-04
   560 :  1.8250066e-08 -8.0129212e-07  1.1673996e-07
   561 :  6.6256822e-02  1.5283346e-01  2.3493291e-01
   562 : -7.8411183e-04 -5.3434657e-04 -9.7776255e-05
   563 :  2.1644966e-06 -2.5324669e-05 -1.7051142e-04
   564 : -7.2254637e-04  1.4981317e-03 -2.0690610e-04
   565 : -8.5488731e-02 -8.8910605e-02 -1.3162940e-01
   566 :  3.5263495e-04  2.4424803e-05  3.6634393e-04
   567 :  5.9922681e-04  1.5258944e-04  1.2438600e-03
   568 : -1.5991202e-06  3.8697675e-08  3.3639547e-06
   569 : -1.9722522e-02  1.7001988e-02  5.8561133e-02
   570 : -1.0871318e-04  1.3268442e-06 -3.5350600e-04
   571 : -3.7155439e-03 -5.4910562e-03  7.5881840e-03
   572 : -3.8450058e-09 -1.6568767e-09  1.7971833e-08
   573 : -3.9565380e-02  9.4970930e-02  2.2669502e-01
   574 :  1.4692701e-01  7.5013715e-02  1.5096450e-01
   575 :  3.5694100e-04 -5.7272621e-05  2.9478406e-05
   576 :  1.3115962e-01  4.8026988e-02  9.8968764e-02
   577 : -4.1424613e-05 -2.3062937e-05  6.5440506e-06
   578 : -4.5167920e-06  3.3154271e-06 -5.8657645e-06
   579 :  1.6003004e-02 -4.1961088e-02 -1.1768776e-02
   580 : -7.8061012e-03 -3.3324333e-03 -7.6412273e-03
   581 : -9.2830715e-05 -1.6372870e-04 -1.9760078e-04
   582 : -2.2810545e-05  7.4549982e-05 -2.5250604e-05
   583 :  2.0687973e-06 -1.1613293e-06  1.1378692e-06
   584 :  5.1687307e-02  2.6951512e-01  1.8454047e-01
   585 : -1.0668207e-01 -1.6643809e-01 -4.9534032e-02
   586 :  1.7302822e-05 -6.6744582e-05  1.2133780e-04
   587 : -1.0470585e-01 -8.3652589e-02 -9.9758571e-02
   588 :  4.8259655e-05  3.1847790e-06  2.0271907e-05
   589 : -1.2046384e-04 -1.3830905e-04 -1.3807744e-04
   590 : -1.6643397e-03 -6.2414868e-02 -6.8928900e-03
   591 : -1.6408157e-05 -1.0068719e-06  1.1669211e-05
   592 : -9.0288852e-02 -9.0761879e-02 -1.0017266e-01
   593 : -7.5558091e-02 -1.0322848e-01 -1.1933782e-01
   594 : -2.6662065e-02 -2.9669881e-02  4.2759370e-03
   595 : -4.8047809e-04 -5.9228484e-04 -2.6312137e-03
   596 :  3.2405937e-04 -6.2917832e-04 -1.9833613e-04
   597 : -7.7226970e-02 -1.3101264e-01 -9.8562450e-02
   598 : -6.8217529e-05 -2.1078796e-04 -1.3622790e-04
   599 : -9.6533501e-05 -8.5267790e-05  6.5509595e-05
   600 :  3.3266802e-04 -2.6616768e-04 -6.3995393e-04
   601 : -5.0915329e-02 -1.5476527e-01 -1.2544799e-01
   602 :  4.7664605e-04  1.9586924e-04 -3.7667131e-05
   603 :  1.0675472e-01  1.1841097e-01  2.3878793e-01
   604 : -1.1276197e-10  5.9665558e-10 -3.2558237e-10
   605 : -5.0556769e-10  6.3455320e-09 -2.7027685e-09
   606 : -4.3698672e-07  1.4861099e-07  2.4615163e-07
   607 :  9.7332583e-03 -9.1844698e-02  6.4757205e-03
   608 : -6.0102107e-05  5.7213206e-05  6.6496587e-05
   609 : -1.0464933e-06  7.9215366e-07 -1.0836499e-06
   610 :  5.2158411e-05 -3.0542476e-04  2.0939836e-04
   611 :  3.7919651e-04  4.0685352e-04 -3.3188230e-04
   612 :  6.0644701e-02  2.2182696e-01  3.5607515e-02
   613 :  3.5145433e-02  1.7380421e-01  1.9838920e-01
   614 :  8.8464970e-08 -4.3457108e-08 -2.1361554e-07
   615 : -7.2252966e-08  6.8785096e-07 -4.2038974e-07
   616 :  2.0337889e-06 -3.5981004e-05  1.5040903e-04
   617 :  9.1479021e-11  2.4735284e-10 -1.2379000e-10
   618 :  1.1779412e-01  1.0372650e-01  1.8598542e-01
   619 : -4.0995745e-02 -1.3952327e-02  2.7133427e-03
   620 : -7.0220168e-02 -8.9758383e-02 -5.6956717e-03
   621 :  1.5379291e-03  1.9261834e-03  9.5335769e-05
   622 : -2.8150930e-05  1.7033388e-05 -7.5255290e-05
   623 : -1.2628059e-06 -3.8938321e-05 -1.3446153e-05
   624 :  2.5916722e-06 -9.2290607e-06  6.9001983e-06
   625 :  3.8442545e-02  1.5121250e-01  2.1495763e-02
   626 : -1.2955731e-04  4.0669667e-05 -1.6297366e-04
   627 :  6.4829865e-02  1.0870567e-01  1.6280131e-01
   628 :  7.5065390e-02  8.6248136e-02  1.7483379e-01
   629 :  1.7226499e-01  9.8249687e-02  1.7167371e-01
   630 :  6.3217496e-05  4.2201338e-04 -7.2753920e-05
   631 : -1.0155973e-04 -7.2411414e-05  4.9094304e-05
   632 : -1.0185030e-04  5.3852753e-05 -1.0650910e-04
   633 :  1.7283936e-03 -2.7630733e-04  2.8739322e-03
   634 :  3.2703971e-03 -6.8830479e-03 -3.4891630e-03
   635 : -1.1222052e-07  2.6557820e-08  1.3570173e-07
   636 : -2.2616575e-05 -2.0373620e-04  3.8971980e-05
   637 : -2.8514794e-03 -3.2065521e-04  5.6518461e-04
   638 :  1.1418067e-03 -9.3394232e-04 -3.2818922e-03
   639 :  2.2038440e-04  3.1543291e-04  3.0396668e-04
   640 :  2.0299570e-04 -7.5012514e-05  8.8736861e-05
   641 : -3.6192226e-05 -3.0356619e-06  2.0345638e-05
   642 :  1.1353492e-05 -2.8858478e-05 -2.2195585e-05
   643 :  1.5891477e-01  4.4522167e-02  5.0318543e-02
   644 :  2.6350484e-02  7.3491014e-02  6.7433549e-02
   645 : -2.9905780e-03 -1.1737717e-02 -3.4932173e-03
   646 : -4.4149628e-03 -1.1072856e-02 -3.0175595e-03
   647 :  1.4948606e-03 -9.9043214e-04  6.2853370e-04
   648 :  7.7652446e-04 -2.8756398e-04  1.5976857e-03
   649 :  7.5416872e-08 -7.1934195e-08 -1.5547528e-09
   650 :  1.1416610e-03  9.2035797e-04 -2.1330579e-04
   651 : -1.5672230e-03 -7.2958092e-03  9.2510532e-04
   652 : -3.0155176e-09 -7.9013953e-11  8.4893804e-09
   653 :  5.1839593e-09 -3.8723073e-09 -1.2734597e-09
   654 : -1.4353684e-04 -1.4179478e-04 -3.0027524e-05
   655 : -5.7067519e-05 -1.9332620e-04 -1.3149929e-04
   656 :  2.2039423e-08  7.3919202e-08 -3.1739833e-07
   657 : -1.9604074e-07 -4.8657268e-07  5.0236089e-08
