Number of elements 658
     0 :  6.5730163e-02  4.9958901e-02 -2.0283738e-02
     1 : -1.3031202e-03 -6.1845646e-03 -2.6488310e-03
     2 :  8.6506843e-03 -4.1787614e-03 -1.4380514e-02
     3 : -3.5923993e-09  7.1724808e-09 -1.9355684e-09
     4 :  1.0722680e-07 -2.7027193e-07  2.1442410e-07
     5 : -9.9888595e-07  3.6800559e-07 -7.3387699e-07
     6 : -5.5656824e-06  8.0470230e-05  5.3201144e-05
     7 :  6.0054168e-02  1.7133696e-01  1.2631796e-01
     8 :  8.9459736e-02  1.9607825e-01  9.5840323e-02
     9 :  1.3048876e-07 -1.2843312e-07  4.5889145e-07
    10 : -1.8309064e-06 -2.5460487e-06  3.1772092e-07
    11 : -5.5425937e-08  7.5589751e-08  4.3066399e-08
    12 : -1.0154691e-01 -5.6689568e-02 -1.0306780e-01
    13 : -2.6951421e-04 -1.1310084e-04  1.2373958e-04
    14 : -6.7994377e-03 -7.7600343e-04  8.0646813e-04
    15 :  6.8928567e-02  1.4825932e-01  1.0145546e-01
    16 : -4.8464048e-02 -3.6434693e-02 -7.3032590e-02
    17 : -1.0566131e-09 -3.7221992e-10  5.6587586e-10
    18 :  1.3392203e-04  1.3115914e-05  1.4433056e-04
    19 :  5.6033117e-05  5.2139557e-05  4.6320799e-05
    20 :  5.2010659e-07  3.7299479e-07 -8.3746535e-07
    21 :  6.3990546e-02  1.6546592e-01  3.6844021e-02
    22 : -1.1765878e-04 -1.1200170e-05 -2.5524499e-05
    23 : -1.2500208e-01 -2.5680548e-01 -4.2018026e-01
    24 : -2.9093822e-02 -1.4945453e-01 -1.7313513e-01
    25 : -1.7310546e-02 -1.1955233e-01 -6.1574077e-02
    26 :  8.8944733e-02  2.5227261e-01  1.6448642e-01
    27 : -8.9092342e-08  1.7380472e-07  6.9744450e-08
    28 :  1.2246728e-03  3.6418661e-04 -2.6995755e-04
    29 : -3.9461189e-01 -3.6483983e-01 -2.8533015e-01
    30 : -6.8956020e-09 -2.9976918e-08 -1.1281552e-08
    31 :  2.9327838e+00 -4.5140163e+00  1.1601249e+00
    32 : -7.3795956e-02 -8.5966363e-02 -5.4733129e-02
    33 :  4.4690281e-02 -6.0134644e-03 -9.8258548e-03
    34 :  4.2088984e-05  5.0281738e-06 -3.4473441e-05
    35 :  1.0077485e-08  3.4408797e-09 -5.7131633e-09
    36 : -7.6615292e-02 -5.6495848e-02 -4.7567136e-02
    37 :  5.7394265e-02 -6.0314396e-03  3.5850384e-02
    38 :  8.0566250e-01 -3.4786407e-01 -3.2923134e-01
    39 : -9.7809336e-03 -8.8303680e-03  1.5675739e-02
    40 :  2.7437922e-05 -1.5157863e-04 -7.4468728e-05
    41 :  4.1999990e-02 -1.8650425e-02 -2.0994158e-04
    42 : -5.7088850e-08  4.3539039e-07 -7.7576153e-08
    43 :  8.9022976e-02  9.0990109e-02  7.3563801e-03
    44 : -4.2650917e-01 -3.3402316e-01 -3.5856893e-01
    45 :  1.1038225e-01  1.7079477e-01  6.0668017e-02
    46 : -6.7578376e-03  1.3668188e-03 -5.5695445e-03
    47 : -2.9688699e-09  4.4389288e-10  3.4596184e-10
    48 :  2.5722587e-03  8.6239288e-04 -1.2674012e-03
    49 : -2.9043188e-01 -2.9275451e-01 -2.4494940e-01
    50 : -4.4835513e-03 -3.1539620e-03 -5.6052014e-04
    51 :  2.9225831e-01  2.3712126e-01  1.3824761e-01
    52 :  2.9700236e+00 -4.8468510e+00  2.6770449e+00
    53 : -3.5188782e-03  1.4025801e-03 -5.4319754e-03
    54 : -3.7771192e-02 -1.4972894e-01 -2.0088665e-01
    55 : -3.1296370e-02 -1.5857749e-01 -1.2936712e-01
    56 : -6.1215154e-02 -2.0057637e-01 -5.6280837e-02
    57 :  2.3291942e+00 -2.6821858e+00  2.1921599e+00
    58 : -2.8178732e-10 -1.9285664e-10  7.7228389e-10
    59 :  2.2438565e-01  1.2293936e-01  1.2439848e-01
    60 :  9.2231062e-02  8.8493449e-02  9.6650852e-02
    61 : -1.2807837e-03 -7.7005681e-02  5.4462450e-02
    62 :  2.6416271e-05 -2.6416188e-05  1.7030705e-05
    63 : -8.9160261e-02 -1.1679047e-01 -3.2345671e-03
    64 :  6.1767451e-05  3.0495189e-05  5.8153113e-05
    65 :  2.2548993e-01  1.3816297e-01  1.0838860e-01
    66 : -3.8164306e-05  6.4729694e-05  7.9604920e-05
    67 : -9.7761241e-02 -1.2170735e-01 -9.2068336e-02
    68 : -1.5157205e-01 -8.2663224e-02 -1.7847596e-01
    69 : -3.0361053e-02 -2.2591149e-02 -2.8309294e-02
    70 : -4.2530610e-03 -8.5405483e-03 -2.9072404e-03
    71 :  9.5072068e-02  1.4232280e-01  3.7596285e-02
    72 :  1.6663023e-01  1.6705441e-01  8.6545507e-02
    73 :  1.8950851e-01  6.3613500e-02  3.2737523e-02
    74 :  1.0200548e-08  1.6318295e-07 -7.5959250e-08
    75 : -1.2769666e-07 -1.0517869e-07  4.2100624e-08
    76 :  2.2948918e-02 -3.0429730e-04  2.9309262e-02
    77 : -4.4312846e-06  2.3253502e-05 -1.2863278e-05
    78 : -5.2602584e-05 -4.9654303e-04  1.4832613e-03
    79 : -4.3968586e-08  3.2880918e-07 -1.2439873e-07
    80 :  1.5037633e-08 -4.9109938e-08  9.5225270e-09
    81 : -4.5868843e-04 -3.1014623e-05 -4.2387163e-04
    82 :  1.0211169e-08  5.5140664e-09  1.1494843e-09
    83 : -6.0098979e-05  1.0581317e-04 -1.3441494e-04
    84 :  1.4395338e-01  1.5558074e-01  1.1181638e-01
    85 :  3.8123760e-02 -6.4076590e-03  1.3597262e-01
    86 :  6.3204520e-07 -8.3105848e-07 -5.4308575e-07
    87 : -4.3400009e-05  7.7419571e-05 -6.4541588e-05
    88 : -1.6360842e-01 -1.5427478e-01 -1.6523570e-01
    89 : -1.0013909e-03  8.2223229e-04  8.9004352e-04
    90 :  1.4818155e-01  1.1168126e-01  1.4116826e-01
    91 : -1.3465030e-01 -2.9459528e-01 -2.7219369e-01
    92 : -1.3138652e-03  6.4338674e-04  1.3153518e-03
    93 :  5.6534590e-02  1.8455229e-02  9.8218013e-02
    94 : -8.7222922e-02 -8.0554104e-02 -2.3108109e-01
    95 : -4.0018728e-03 -1.4589471e-01 -1.5103318e-01
    96 :  1.6370819e-04 -7.5556063e-05  3.0844678e-04
    97 : -6.4242880e-02 -1.2588871e-01 -1.3573214e-01
    98 :  1.1913951e+00 -6.3786070e-01  5.1930486e-01
    99 :  1.0872812e-04 -1.7999094e-05  1.3291329e-04
   100 : -1.9619500e-04  5.2263568e-05 -1.3619061e-04
   101 :  1.4944458e-03 -4.0474971e-03 -8.6744471e-03
   102 : -1.5204588e-01 -1.5400033e-01 -1.7121844e-01
   103 :  2.0162990e+00 -3.8290435e+00  2.2341849e+00
   104 : -1.0959312e-02 -1.1023631e-02  3.9763990e-02
   105 : -4.9536808e-05 -1.6802997e-05  3.2700375e-05
   106 : -7.5609595e-03  1.1325691e-02 -1.0298293e-02
   107 : -1.0049922e-05 -1.3902581e-05 -7.3651740e-06
   108 :  2.8394329e-07 -1.4908322e-06  1.1792435e-07
   109 : -2.1373003e-04 -6.9967191e-05  6.3387995e-05
   110 :  1.6413691e-01  1.7419559e-01  5.7618011e-02
   111 :  7.7725603e-05  1.7340830e-07  1.4929423e-04
   112 : -3.8970536e-03  4.8248514e-02  9.4723134e-02
   113 :  7.8335884e-02  7.0314504e-02  1.6006226e-01
   114 : -4.8808843e-02 -5.1940034e-02 -1.6372874e-01
   115 :  2.3774498e-01  2.0245577e-02 -1.3345323e-01
   116 :  5.1333277e-05 -8.1108566e-06  1.4873469e-05
   117 : -8.6109539e-03  2.3306760e-02 -1.1332311e-02
   118 : -2.1634402e-02 -1.3494291e-02 -5.7003805e-03
   119 :  3.2273466e-03  1.5531362e-04  2.5197800e-03
   120 : -3.5317677e-01 -3.1408003e-01 -3.8258519e-01
   121 :  3.0729435e-08 -3.0122844e-06  1.7991497e-07
   122 : -6.4341017e-01 -4.6051965e-01 -5.0010161e-01
   123 : -6.3294617e-02 -6.4998986e-02 -3.9872240e-02
   124 : -2.3077728e-02 -7.0991295e-02  1.4496642e-01
   125 : -2.6128154e-06 -8.7640650e-07 -4.7985954e-09
   126 : -3.0375981e-04  4.4303179e-04 -2.0491064e-04
   127 :  4.0535678e-06  2.6839936e-06 -2.7884003e-06
   128 :  2.3571354e-04  3.9339584e-04  5.3344736e-04
   129 : -1.0293010e-01 -8.3430754e-02 -7.0607641e-02
   130 : -1.8958047e-04  1.2586462e-04 -1.6311399e-04
   131 :  2.0368692e-01 -6.9837184e-03 -1.3336711e-01
   132 : -6.8375001e-06  1.7098681e-05 -2.5149716e-06
   133 :  3.3243026e-06 -8.1994031e-07 -2.8912053e-06
   134 : -1.1960208e-01 -8.2624607e-02 -5.7875473e-02
   135 :  2.4406921e+00 -1.8866624e+00  2.8748853e+00
   136 : -2.2078645e-03 -5.9724706e-03 -2.8071292e-03
   137 :  1.3382426e-09  1.5192790e-09 -3.5266232e-09
   138 :  5.7328503e-07 -1.1782191e-06 -9.8912028e-08
   139 :  1.0341293e+00 -1.6212954e+00  1.8763253e+00
   140 :  1.8651850e-03 -3.8046085e-04  3.5198304e-04
   141 :  8.7862713e-05  1.9539720e-04  1.0500789e-05
   142 : -2.3743003e-02 -1.3154088e-01 -5.0050258e-02
   143 : -1.1728261e-04  3.7202529e-05  1.9447621e-06
   144 :  2.0297395e-03  1.1903721e-03 -1.0708220e-02
   145 :  8.8614112e-08 -9.2571782e-08 -5.7643448e-09
   146 :  1.0628959e-01  3.7067317e-02  1.3042534e-01
   147 : -3.3797248e-02 -4.1166031e-02 -4.2966304e-02
   148 :  3.9743363e-06 -5.6669474e-06 -1.1103445e-06
   149 :  5.2111517e-02  2.2521962e-01  1.0659959e-01
   150 :  6.2452534e-05  7.6503846e-05 -5.0888981e-06
   151 : -1.4148857e-01 -8.2059504e-02 -1.2545978e-01
   152 :  2.9467074e-08 -7.5535917e-09 -1.3973801e-08
   153 :  1.0644115e-01  6.7877507e-02  4.9175606e-02
   154 : -1.7179496e-05 -1.0438799e-05  1.4576974e-04
   155 : -2.4066511e-03 -1.8994246e-03  9.3663316e-04
   156 :  6.6439733e-05  6.2878639e-05 -1.4026510e-05
   157 :  1.5704929e-01  1.1326466e-01  9.9268880e-02
   158 : -6.4665167e-02 -6.4822290e-02 -1.1289699e-01
   159 : -3.2627161e-05 -1.6320137e-04 -3.0599524e-04
   160 : -1.7036355e-02 -1.1340929e-01 -8.1815304e-02
   161 : -5.7804006e-01 -7.0429580e-01 -5.9903298e-01
   162 : -1.1992838e-01 -1.5501811e-01 -1.7760780e-01
   163 : -5.9928855e-02 -1.2785885e-01 -1.4223579e-01
   164 :  2.0048549e+00 -2.8159399e+00  2.8811529e+00
   165 :  2.4333245e-02 -1.6879782e-01 -3.8172215e-02
   166 :  2.9776234e-02 -1.1606432e-01  7.8059995e-05
   167 :  3.0908837e-06 -6.7205889e-07 -1.3147563e-06
   168 :  1.8924689e-02 -3.7980455e-03 -9.1251228e-03
   169 :  1.1817330e-05  7.4636884e-06 -9.3409468e-06
   170 : -3.9109841e-03 -6.0805563e-03  7.0007018e-03
   171 : -5.6999013e-05  2.1534006e-06 -1.4113845e-04
   172 : -1.1809231e-02 -6.9513491e-03  1.6027097e-02
   173 : -9.7563008e-02 -5.5513513e-02 -1.2133586e-01
   174 :  3.9906723e-05  6.4635485e-05  5.5176160e-05
   175 :  9.8724715e-05  2.1777034e-03  3.1171329e-03
   176 : -1.1220115e-04  6.8474275e-04  3.1402724e-03
   177 : -9.5516075e-02 -8.2436152e-02 -7.3819315e-02
   178 : -2.4316339e-02 -1.0866187e-01 -1.0945347e-01
   179 : -7.8649308e-02 -7.3999114e-02 -8.8088838e-02
   180 : -3.7404646e-01 -1.0821693e-01 -1.8978790e-01
   181 : -1.2100826e-01 -1.0899133e-01 -1.6181694e-02
   182 : -1.1970852e-01 -1.3738035e-01 -8.6689890e-02
   183 : -1.9228368e-05 -1.2110272e-06 -3.6173682e-05
   184 : -9.8430310e-03 -8.8581102e-02 -1.0023856e-01
   185 : -9.6476837e-12  1.1707464e-10 -6.5244154e-11
   186 : -2.1075784e-04  2.5381478e-04  1.7539267e-03
   187 : -1.2890300e-01 -1.1797397e-01  8.3155730e-02
   188 : -6.8048816e-06  8.5402643e-06  1.2143903e-05
   189 :  9.6198738e-07  1.8291403e-06  4.6853684e-06
   190 :  1.5230211e+00 -1.8847950e+00  9.5595418e-01
   191 : -1.3700033e-01 -4.1711834e-02 -3.9203423e-02
   192 : -1.5488771e-01 -1.9113968e-01 -2.1983376e-01
   193 :  2.1343225e-03 -3.2098851e-05  2.9874257e-03
   194 : -6.1763776e-06  9.2285848e-05  1.8809866e-05
   195 : -1.0247944e-08  3.8310830e-07  1.2703554e-07
   196 :  9.9141821e-06  1.5805487e-04 -3.0996234e-04
   197 :  1.4702960e-02  4.6353182e-02  4.1346771e-03
   198 :  2.8948957e-07  1.2949506e-07 -1.9950476e-07
   199 : -3.8224148e-05  3.1762559e-05 -9.9794434e-05
   200 :  7.7291423e-07 -5.1669918e-07 -5.9991521e-08
   201 : -5.0434711e-02 -6.9652405e-02 -2.2169879e-02
   202 :  6.5144488e-01 -2.4450514e-01 -3.6187250e-01
   203 :  2.7846093e-07 -1.0566268e-06  3.1675192e-07
   204 :  4.5199774e-02  6.3013874e-02  1.2842919e-01
   205 :  2.4072755e+00 -4.1591375e+00  3.1306676e+00
   206 : -2.0201925e-02 -3.6100631e-02 -2.3927068e-02
   207 :  7.7109056e-07  1.9879616e-07 -2.0203858e-06
   208 : -7.5512857e-02 -6.4009915e-02 -8.0969632e-02
   209 : -2.4237821e-07  3.9423612e-07  1.5138017e-07
   210 :  2.8335011e-02 -1.1775532e-01 -4.5454777e-02
   211 :  1.0600276e-01  1.4035504e-02  4.8362048e-02
   212 : -1.4409455e-01 -8.9683931e-02 -3.0165346e-01
   213 : -1.1327362e-01 -1.7822069e-02 -1.3452633e-01
   214 :  7.4898851e-02 -8.1241243e-03  2.6585172e-02
   215 :  4.6570990e-05 -1.3888306e-05  2.1999211e-05
   216 :  1.8505447e-02 -8.0410091e-02 -4.4490533e-02
   217 :  1.6906834e-08 -8.1711998e-08  4.7774770e-08
   218 :  8.4467171e-02  6.6496649e-02  9.1460623e-02
   219 : -5.7056856e-02 -2.2418059e-01 -1.4329331e-01
   220 :  6.9037457e-05 -4.1384359e-05 -2.8979736e-05
   221 :  2.5252252e+00 -5.1889161e+00  2.1231385e+00
   222 : -7.6867642e-08 -3.7733473e-08  1.5228317e-08
   223 : -9.4690828e-02 -1.7327321e-01 -8.8707321e-02
   224 : -1.5060643e-04 -2.6238366e-04 -1.0560546e-04
   225 :  1.0008030e-05  5.7728248e-06 -1.2511000e-06
   226 : -2.6758779e-05 -4.6972004e-04  1.9895662e-05
   227 : -6.1104376e-07 -2.1742777e-07  4.1571588e-08
   228 : -2.8995093e-09  9.2719968e-10 -3.2512356e-09
   229 :  8.9180852e-05 -3.3154297e-04  1.9080516e-04
   230 :  1.5628078e-06 -6.1765698e-07 -2.1456832e-05
   231 :  9.5903738e-03 -2.1851945e-02 -4.2743731e-03
   232 :  2.4051442e-06  1.9535806e-07  1.9473337e-06
   233 : -1.8163738e-02 -5.9234731e-02 -1.5250123e-01
   234 : -3.9355736e-05  4.0531319e-05  1.4648826e-05
   235 :  2.3855986e-05  1.2331600e-05  7.9785498e-05
   236 : -6.4431734e-03 -6.1561276e-03  1.1513170e-02
   237 :  2.8257790e+00 -3.8977927e+00  3.4843665e+00
   238 : -6.6475166e-11 -1.6584576e-11  2.7326905e-10
   239 : -1.1387319e-01 -1.9924514e-01 -2.4036031e-01
   240 :  1.8438458e-05  8.2396996e-06 -1.1885947e-05
   241 :  1.8887791e-01  2.6388697e-02  1.2532876e-01
   242 :  3.8546146e-04  4.0094972e-04  9.7657947e-05
   243 : -8.8988673e-02 -5.5436537e-02 -5.1754856e-02
   244 :  3.8853292e-01 -4.8325223e-01 -6.1155766e-01
   245 : -5.2422982e-05 -5.6863687e-05  4.2471131e-04
   246 : -5.8392645e-11  1.3393223e-10 -5.6883303e-11
   247 :  1.6816117e-01  8.1422188e-02  1.1821374e-01
   248 : -8.5130085e-02  4.2927069e-04 -1.5727199e-01
   249 :  6.6893513e-05 -1.4194822e-04  2.7999306e-04
   250 : -7.5447651e-02 -7.3470653e-02 -1.7574553e-01
   251 : -2.1596631e-04 -1.4455927e-04  5.7757114e-04
   252 :  2.4329529e-01 -6.1793289e-02 -6.1399747e-02
   253 :  1.5381200e-03 -2.3421888e-04  9.6526902e-04
   254 :  6.6256205e-01 -2.6419373e-02 -1.8070538e-01
   255 :  1.5802527e-01  1.2086875e-01  7.8753575e-02
   256 :  8.0892499e-02  1.3361853e-01  4.3315629e-02
   257 :  4.5316997e-08 -5.8215010e-08  4.8488587e-09
   258 :  1.0595971e-04 -2.3402572e-05  1.9669888e-05
   259 :  3.7503023e-10 -1.4508487e-09  1.2455542e-09
   260 :  9.0310473e-09 -4.0466978e-08  2.0970137e-08
   261 : -1.4622946e-01 -7.8157281e-02 -1.6428100e-01
   262 :  3.1690341e-02  2.0281242e-01  1.3013595e-01
   263 : -2.8376590e-05  1.0246059e-04 -2.2128452e-04
   264 :  3.4244304e-06 -7.5348314e-07 -1.8414325e-06
   265 : -6.6960850e-06 -4.3837056e-05 -1.5677651e-04
   266 :  1.8983748e-03 -9.0360456e-03  9.8499296e-04
   267 :  1.3322468e-02 -3.6029635e-02  8.2256340e-02
   268 :  4.4789379e-01  1.8915501e-01 -3.6229777e-02
   269 :  7.9250240e-04  2.0794556e-03  6.3622000e-04
   270 :  1.5117993e-03  1.7858105e-03 -8.8505763e-03
   271 : -1.6080274e-03 -1.7676235e-04  5.3848693e-04
   272 : -4.3470071e-02 -6.5600819e-02 -2.1287094e-02
   273 : -3.1307533e-04  2.1396170e-01  1.6814477e-01
   274 :  6.4288123e-02  1.2170415e-01  1.0123525e-01
   275 :  6.8900039e-06 -7.0075179e-06 -8.9589046e-06
   276 : -1.3569309e-04  2.5400530e-03  3.5638410e-03
   277 :  5.2923342e-06 -6.4431416e-06  1.2944460e-05
   278 :  5.0535824e-02  1.3537936e-01 -6.7955628e-03
   279 : -3.8003477e-03 -3.6721056e-03 -2.1476904e-03
   280 :  5.1627286e-04 -2.7906987e-03  2.5206951e-04
   281 :  8.8576060e-02 -5.9224939e-03  3.6853571e-02
   282 :  8.6203351e-09  1.7025724e-08  2.4763126e-09
   283 : -8.3790301e-02 -3.7205703e-01 -2.0250106e-01
   284 :  1.4698333e-03 -6.2878667e-03  2.4839402e-03
   285 :  3.6570035e-03  9.5449296e-04 -2.0312058e-03
   286 :  2.5485798e-02 -7.2171841e-03 -1.2398394e-02
   287 :  1.9016582e-01  1.4328118e-01  9.6892464e-02
   288 : -4.4633114e-08  6.7534224e-08 -3.0580935e-08
   289 : -5.3561564e-05  4.1989305e-05  1.4963923e-04
   290 :  6.7638434e-05  7.6356730e-05  4.4314598e-06
   291 :  4.4840339e-02 -1.1326538e-02  7.7862253e-02
   292 : -6.1817445e-08  1.2902069e-09 -1.0943693e-07
   293 :  2.6467529e-06  8.9144210e-06 -4.9938420e-06
   294 : -1.2525309e-04  9.3718923e-05  2.5687094e-04
   295 : -2.2936617e-01 -2.7487304e-01 -2.1307263e-01
   296 :  5.9594235e-02  3.1936946e-02 -1.4949643e-03
   297 :  1.8405972e-01  1.6532315e-01  7.0757530e-02
   298 : -2.0648410e-05 -4.9803017e-04 -3.6524897e-05
   299 : -1.3087348e-02 -1.2916914e-02  1.0913220e-03
   300 :  1.3476557e-03  6.8222359e-04 -7.3152416e-05
   301 :  9.2748055e-02  1.8075045e-01  2.0017222e-02
   302 : -2.0772249e-01 -5.9729169e-02 -2.6696970e-01
   303 : -1.5240549e-04  5.8074993e-05  3.0045841e-03
   304 : -5.8441759e-03 -1.9655487e-01  6.9571770e-02
   305 : -2.4116970e-07  2.8905195e-07  3.9957831e-07
   306 :  3.0924646e-06 -7.9558438e-07 -9.9360838e-07
   307 : -5.6159832e-03 -1.4455694e-04 -1.8334680e-03
   308 :  1.7313587e-01  9.7333204e-02  1.7248041e-01
   309 : -1.1495226e-01 -1.2679172e-01  4.9676090e-02
   310 :  1.1619171e-02  5.0156881e-02  4.6723460e-02
   311 :  1.0243627e-03 -1.4543162e-04  2.4668692e-04
   312 : -9.1540987e-04  3.8801967e-02 -4.7944049e-03
   313 :  4.3522866e-05 -2.4669849e-05  4.9843215e-05
   314 : -1.4201014e-01 -1.2170831e-01 -9.6619881e-02
   315 : -1.4155869e-02 -1.1179896e-02  1.4917738e-03
   316 : -7.4002570e-05  6.9459588e-05 -2.0957834e-04
   317 : -5.0690589e-04 -2.5225681e-04  2.1271363e-05
   318 : -6.5281572e-02 -7.9729834e-02 -2.3611589e-02
   319 :  7.3465134e-02  1.7787629e-02  1.1728972e-01
   320 :  1.4930186e-01  8.3391911e-02  2.5553448e-02
   321 : -1.1681238e-02 -1.5242742e-02  3.1350147e-03
   322 :  2.4606381e+00 -5.0883577e+00  2.3826514e+00
   323 : -5.8560259e-03  3.9325145e-03  1.0077146e-02
   324 : -1.3996234e-01  1.5521235e-02 -1.0686163e-01
   325 : -7.1014246e-08  2.8694525e-07 -6.0144653e-07
   326 : -8.3303686e-03 -5.8168711e-03 -2.0701469e-03
   327 :  1.2870015e-01  8.9291886e-02  4.6499340e-02
   328 :  4.4898045e-08 -1.5624643e-07  5.5088786e-08
   329 :  1.1482389e+00 -4.2023748e-01 -3.8498020e-01
   330 :  1.7700083e-01  8.4860685e-02  2.6348456e-02
   331 :  3.9846997e-02  4.6154390e-02  6.2960999e-02
   332 : -6.7126915e-05  2.7474549e-04 -1.9359297e-04
   333 :  6.8153639e-02  2.1964448e-01  1.0907287e-01
   334 :  5.8111411e-05 -4.8397657e-03 -2.5018896e-03
   335 : -1.2849671e-04 -3.5422331e-05 -8.1104697e-05
   336 : -2.1742258e-04  1.3035095e-03  8.0535434e-04
   337 :  6.9359586e-04 -9.0955829e-04 -6.5493314e-04
   338 : -2.7000863e-04 -2.0128806e-03  8.7315554e-04
   339 :  8.8655518e-02  1.3439199e-01  1.1588414e-01
   340 :  2.0782648e-08 -8.2128521e-08 -1.1595866e-07
   341 : -4.3716889e-04 -2.6114165e-04  1.4243731e-03
   342 : -2.8142200e-05 -1.8812943e-04 -4.8871284e-05
   343 : -8.2466203e-04 -2.2369503e-03  1.2754406e-04
   344 : -6.3588771e-03 -9.1885417e-03 -7.7582825e-04
   345 :  7.8578559e-02  1.5566134e-01  5.5132071e-02
   346 : -4.1912978e-03  4.1456092e-02  1.6627655e-03
   347 :  5.3361799e-04 -8.0552450e-04 -1.2624719e-04
   348 :  3.4031332e-09 -7.8516270e-08  3.7341831e-09
   349 :  7.1629832e-02 -4.2756241e-04 -2.1494646e-03
   350 : -9.9514689e-03  8.7360238e-03  4.2264295e-03
   351 :  1.1064694e-01  1.2494652e-01  4.3838495e-02
   352 : -3.8249176e-04  3.0746832e-04  1.3884432e-04
   353 :  1.2142657e-01  1.5897222e-01  5.1517551e-02
   354 : -1.9291233e-08  1.0322649e-04  9.7162686e-05
   355 :  9.2263062e-04 -2.5013212e-04  4.5266014e-04
   356 :  1.2849347e-04  9.9014221e-05 -4.0046058e-04
   357 :  2.1034358e-05 -1.6103926e-05 -3.9951935e-06
   358 :  6.3169448e-03  8.2229424e-05 -1.6506187e-02
   359 : -3.5146526e-05  2.8868542e-05 -2.9287162e-05
   360 :  3.5186162e-03 -7.1795968e-04  8.9485487e-04
   361 : -2.4605995e-03 -3.3978311e-03  3.7699245e-02
   362 :  3.5178053e-05 -7.4726295e-05 -1.1938823e-04
   363 :  1.1348032e-03 -1.0354458e-02 -1.2543784e-02
   364 :  3.0666910e-04  1.4281861e-04  6.6852054e-04
   365 : -3.1667628e-03  1.0746315e-01  7.1882380e-02
   366 : -1.5460265e-01 -1.6551929e-01 -2.4800607e-01
   367 : -5.0951564e-02 -2.0077892e-02 -9.4778855e-02
   368 :  9.7249564e-02  3.3928563e-02  1.7515835e-01
   369 :  3.6110189e-02  1.1594594e-01  8.6231693e-02
   370 : -8.1948282e-08  1.7113250e-07 -1.4505179e-07
   371 :  1.1604436e-01  6.3335062e-03  3.4108288e-02
   372 :  3.3788551e-10  2.5374870e-10 -1.1302638e-09
   373 : -3.1393657e-06 -2.1695299e-05  7.8820472e-05
   374 :  3.0925427e-06 -1.6044010e-06  5.3533644e-06
   375 : -3.6352967e-04  1.5442343e-03  1.5862010e-03
   376 : -1.1796533e-03 -3.6246394e-03  9.8745143e-04
   377 :  1.0953554e-05  5.2525325e-04 -5.9695126e-05
   378 :  2.5694960e-06 -5.0132163e-06  1.7914611e-06
   379 :  1.6950748e-01  1.5907504e-01  6.2382554e-02
   380 :  1.2217202e-04 -1.0722083e-04 -3.3786709e-03
   381 : -1.6528997e-04  1.5621644e-04  5.2059449e-05
   382 : -4.1494154e-08 -2.0102946e-06 -2.4990110e-06
   383 :  5.3524791e-11 -1.2612715e-10  2.0171297e-10
   384 :  2.4399239e-05 -9.9592889e-05  2.8791438e-05
   385 :  5.4904691e-02  2.0935856e-02  8.3387969e-02
   386 : -8.0332973e-06 -3.7972478e-04 -8.8143134e-05
   387 :  3.5563578e-06  8.3973854e-06 -1.3611675e-06
   388 : -3.7701364e-03  1.5220781e-03  1.1170926e-03
   389 : -3.9712495e-05 -4.6655897e-04 -5.0900507e-04
   390 : -2.8740639e-04  1.4191809e-04  7.2797596e-05
   391 :  1.2516338e-01  8.2039756e-02  6.3135422e-02
   392 : -3.1606163e-04  5.1218714e-05 -1.6737649e-04
   393 : -4.1470815e-06  5.6140019e-04  6.4072780e-04
   394 :  4.1174807e-04 -7.7496100e-06 -1.6134855e-04
   395 : -3.3878612e-03 -3.2257428e-03 -3.4273148e-03
   396 :  3.3941682e-03  6.1241738e-02 -1.0082401e-02
   397 :  1.6811195e-01  8.6988584e-02  6.2351734e-02
   398 : -1.0097382e-07 -4.7775060e-08  3.0579091e-07
   399 :  1.2296542e-04  9.5048744e-05 -2.7164455e-04
   400 : -3.6209393e-06 -9.0460820e-05 -8.3950822e-05
   401 :  5.6271147e-02  1.0926603e-01  1.6566232e-02
   402 :  1.8195139e-01  7.9995382e-02  7.6368548e-02
   403 :  3.9055838e-03 -1.4330237e-02 -6.5208321e-03
   404 : -1.6332057e-05  7.8372294e-05 -3.7455254e-04
   405 : -7.6216864e-04 -2.2234077e-04 -2.7302436e-04
   406 :  9.5345431e-02  1.5440584e-01  7.2025210e-02
   407 : -2.5457163e-04 -4.5401589e-05 -7.8350572e-05
   408 : -7.0110109e-05  1.0742507e-04 -5.1290873e-05
   409 :  2.5503754e-04 -2.7299750e-04 -8.4612330e-05
   410 : -9.2798469e-05  9.1214051e-05  8.6384078e-05
   411 :  1.0576405e-03  9.0686616e-04 -2.8032485e-04
   412 :  5.7530810e-04  3.8809914e-04 -3.1879525e-03
   413 : -8.7787191e-04  1.0308756e-03  2.5299521e-03
   414 :  4.3112064e-04  2.0872315e-04  4.2386838e-04
   415 : -6.4494983e-05 -1.9998189e-04  6.0638801e-05
   416 : -3.8618539e-05  2.5225527e-05 -1.6632118e-05
   417 :  6.6645087e-02  1.0119321e-01  2.9414372e-02
   418 :  2.3718634e-01 -2.3113315e-01  7.7883232e-01
   419 :  1.3461600e-01  9.1147799e-02  7.9947731e-02
   420 :  2.4553050e-01  2.7393346e-01  1.4739649e-01
   421 : -4.6600665e-03 -2.0534547e-03 -5.5272594e-03
   422 : -6.8216894e-08  8.7545324e-09  2.7517587e-08
   423 :  1.2366148e-03  3.2336942e-04  8.2274336e-04
   424 :  4.9659826e-02  7.0747254e-02  2.5280462e-02
   425 : -1.4242833e-06 -5.0985157e-07  2.7019060e-06
   426 : -5.3448669e-04 -7.2117180e-03  1.4733709e-03
   427 :  3.6248475e-02  1.1574714e-01  6.7089423e-02
   428 : -3.0114326e-05  1.5028787e-05 -3.1358678e-05
   429 : -9.6442905e-05  2.5901158e-05  1.2870853e-04
   430 :  5.5260814e-02  5.0654567e-02  4.0955971e-02
   431 :  4.3341355e-02  1.0094473e-01 -4.5955193e-02
   432 :  7.5914754e-02  5.5692997e-02 -5.3502258e-03
   433 : -7.0641952e-05  1.4160176e-06 -2.8387290e-05
   434 : -2.4979129e-04 -1.3621580e-04 -2.9001831e-05
   435 :  1.5853709e-02 -4.6190538e-03 -4.5297978e-03
   436 : -9.7889039e-02 -8.6002932e-02 -7.4755661e-02
   437 :  5.6931630e-04  1.0780718e-03  3.7148843e-04
   438 : -2.4149320e-01 -2.3176470e-01 -1.7391868e-01
   439 : -4.7715906e-02 -8.6276861e-02 -8.3540761e-02
   440 :  2.7372915e-04  3.5934594e-04  9.2563199e-04
   441 :  3.1242984e-06  3.0396455e-06 -9.4286528e-08
   442 : -1.5970052e-01 -7.3087581e-02 -1.1172952e-01
   443 :  5.7412048e-05 -2.0359790e-05 -2.7186846e-05
   444 :  5.9751301e-04  6.8802821e-04 -3.6780870e-06
   445 :  2.4112765e-08 -5.7283051e-08 -7.1084774e-08
   446 :  6.9787096e-01 -1.6317364e-01 -4.7533151e-02
   447 : -6.4079902e-04 -5.0611530e-04 -2.2571610e-04
   448 : -5.9504907e-06 -1.5975045e-05  2.8296707e-06
   449 :  1.5756461e-01  1.3019151e-01  2.4758507e-02
   450 : -6.6718300e-03 -1.3174668e-02 -3.3020191e-03
   451 : -8.2023017e-02 -8.1230624e-02 -5.5006859e-02
   452 :  5.1571247e-04  1.0331939e-03  1.7158029e-04
   453 :  5.8975614e-06 -2.4028601e-04 -2.3551392e-04
   454 :  1.9034126e-01  9.5205358e-02  1.4009304e-01
   455 :  1.4773080e-01  1.4049126e-01  1.2378221e-01
   456 :  4.8240847e-04  2.2525640e-04 -1.8229409e-04
   457 : -1.1501537e-04  3.3257770e-04 -1.0736347e-04
   458 : -1.0591799e-01 -6.8864187e-02 -6.0826078e-02
   459 : -6.3731050e-03  3.9316375e-02  2.4478683e-02
   460 : -1.2746259e-09  7.7391749e-10 -6.0772344e-09
   461 :  5.5003286e-04  3.1811130e-04 -3.8940074e-04
   462 : -9.9546457e-04 -5.4453672e-03 -8.6750671e-03
   463 : -3.4195425e-04  2.8871240e-03  1.2474601e-04
   464 :  3.8768172e-08  4.1669876e-09  5.4522254e-08
   465 :  2.5150786e-02  4.7298605e-04  4.0316884e-02
   466 :  9.8359404e-05  1.6133790e-04 -3.3990453e-04
   467 : -5.6723291e-04  5.5117257e-05 -1.1616478e-04
   468 :  7.0344881e-02  1.0748335e-01  6.4690574e-02
   469 : -2.8562733e-02 -4.3868049e-02 -5.4226357e-02
   470 :  2.6131743e-06  2.1487564e-07  2.7610661e-06
   471 :  7.3295189e-02  1.6803331e-01  2.7112663e-02
   472 : -5.1402429e-02 -1.0598865e-01 -8.7939478e-02
   473 : -1.8659305e-07  1.8528910e-07  5.0398672e-07
   474 :  8.6090300e-02  4.3426413e-02 -8.6555853e-03
   475 : -4.6558393e-04  2.1004247e-05 -5.1179695e-04
   476 :  6.3237120e-02  2.2879575e-02  3.0875973e-03
   477 :  1.1018496e-08  4.2426670e-07 -4.0589756e-08
   478 :  1.0528006e-01  3.7791481e-02  1.5085619e-01
   479 :  6.8687554e-03  6.4829618e-02  2.3408855e-02
   480 :  9.0363065e-02  2.8445137e-02  6.7365476e-02
   481 : -4.2414479e-02  9.9511799e-02 -4.3658350e-02
   482 : -1.1248651e-04 -1.8747732e-05 -2.8897290e-05
   483 :  1.3030649e-02 -7.4148149e-03  2.9320306e-03
   484 :  6.4736151e-02  7.4476069e-02  1.7992984e-01
   485 : -2.4983948e-02  6.9322130e-03  2.5590493e-03
   486 :  1.1324339e-01  2.0044158e-01  2.4192600e-01
   487 : -2.7455973e-03 -1.3094284e-02  1.3738933e-03
   488 :  1.4933768e-06  2.1798108e-07 -9.6777416e-07
   489 :  2.1597013e-03 -3.6331703e-03 -1.6250345e-03
   490 :  6.5757978e-09 -2.7106941e-09 -1.1405755e-09
   491 :  1.0634973e-01  8.7736853e-02  1.8044378e-01
   492 : -7.6911836e-05 -5.1141148e-04 -2.0348530e-04
   493 :  1.0363305e-03 -3.7660909e-04 -3.6262214e-04
   494 :  3.8892180e-04  4.5120188e-04 -3.8316535e-04
   495 :  2.2005530e-02  1.1153739e-01  2.5011402e-01
   496 :  4.9825463e-05 -1.5712240e-05 -1.3742942e-05
   497 :  1.5910453e-03 -2.5744123e-05  1.1093419e-03
   498 :  1.7933887e-01  1.7230992e-01  4.8072916e-02
   499 :  2.9825215e-02 -1.9754751e-02 -1.4509227e-02
   500 :  7.3813279e-02  1.7535998e-01  2.5345009e-01
   501 :  1.7721580e-06  3.8627214e-06 -2.0014053e-05
   502 :  6.0433488e-02  2.8415981e-03  2.3443183e-02
   503 :  4.1009420e-02  1.1288180e-01  1.2282499e-01
   504 :  1.5158578e-04 -4.0378334e-04  1.9008686e-04
   505 :  3.1240886e-02 -5.8701454e-03 -1.4712838e-02
   506 : -5.3197686e-05  2.6386142e-04 -6.4379456e-04
   507 :  2.1373636e-01  1.6995215e-01  6.6542099e-02
   508 :  5.5767170e-05  6.7232208e-05  1.2557315e-04
   509 : -6.6177329e-06  7.3204828e-06  4.2480940e-06
   510 :  1.4012735e-01  1.8686940e-01  4.9220373e-02
   511 :  1.1353799e-01  1.1393982e-01  6.7166465e-02
   512 :  1.2702437e-06 -1.7055643e-07 -7.2331668e-07
   513 : -2.0358101e-04 -1.5492269e-04 -9.3241879e-05
   514 : -4.2610154e-05  4.5424770e-04  1.6441295e-04
   515 : -1.4867323e-05  2.1118252e-04 -2.4662581e-04
   516 : -4.4050643e-03  1.3545749e-02 -4.0480549e-03
   517 : -5.7044391e-02 -3.2922808e-02  4.7170627e-03
   518 :  3.8973686e-07  6.9370858e-09 -6.1827146e-07
   519 : -5.7277604e-02  1.5455352e-01 -7.3495046e-02
   520 :  2.9497678e-07  2.3517981e-07 -1.4693048e-08
   521 : -7.4956692e-05  1.1113880e-04  1.5686127e-05
   522 :  2.2614926e-03  6.3711884e-04 -2.9034585e-04
   523 :  1.5640729e-08  1.4998420e-08 -1.1037878e-08
   524 :  4.8301116e-02 -3.1321919e-02  3.2640902e-03
   525 :  9.2971514e-05 -2.7222012e-04 -4.8214932e-04
   526 :  3.2998153e-04  1.9608526e-03 -2.3643609e-03
   527 : -2.2255267e-06  1.0355884e-05 -2.3895085e-05
   528 :  1.1060743e-01  1.9182652e-01  1.3729692e-01
   529 : -1.5137998e-07  5.9231181e-07 -3.2299351e-07
   530 : -1.9736958e-03  8.2432280e-04 -7.8164643e-05
   531 :  7.1304895e-05 -8.1743381e-04 -1.3182939e-04
   532 :  9.6879706e-04  1.4440788e-05 -2.0174173e-04
   533 :  3.6052788e-08 -1.5427042e-07 -4.0255545e-08
   534 :  3.7566842e-02  6.7319881e-02  2.0437713e-02
   535 : -3.9167108e-04  2.4767810e-03  1.4108609e-03
   536 :  9.8095190e-02  1.6803236e-01  1.8387240e-01
   537 :  4.1575124e-02  7.1176022e-02  2.0196780e-01
   538 :  2.5718972e-02  1.0740974e-01  1.0963200e-01
   539 : -4.6654328e-06  1.6167266e-05  2.2149105e-05
   540 :  2.1949015e-01  9.5158993e-02  9.0958722e-02
   541 : -5.3643401e-06  2.1388089e-06 -1.9050043e-05
   542 :  1.5701855e-01  5.2522547e-02  7.5671950e-02
   543 : -7.5686606e-06  3.9712328e-06  1.9282658e-06
   544 :  1.8000169e-02  2.5087153e-01  9.6035405e-02
   545 : -3.7285570e-02  1.2773482e-02 -1.5572582e-01
   546 :  7.1051220e-04  8.6103574e-05  5.6917467e-04
   547 : -1.8581176e-04  1.6550964e-04  9.0233801e-04
   548 : -2.9205348e-02 -3.3562176e-02 -2.3203830e-02
   549 :  3.6560316e-08  5.6577837e-08  2.7073853e-08
   550 : -2.6483959e-05 -1.8518589e-05  9.2142888e-06
   551 : -9.0146011e-05  7.9287137e-05  1.0374009e-04
   552 :  5.3311726e-04  3.9015335e-04  2.4427353e-04
   553 : -6.5693474e-02 -1.1397776e-01 -7.7896942e-02
   554 :  9.7879682e-04  3.9607213e-04  3.6129738e-04
   555 :  1.3933439e-04 -5.0486378e-04 -7.5308721e-04
   556 : -3.2070317e-02 -7.0551530e-02  6.9436500e-04
   557 :  1.3842409e-01  9.1838459e-02  5.3561453e-02
   558 : -7.5563999e-03 -6.8938773e-03  7.9061674e-03
   559 :  1.9113298e-04  2.4112292e-04  5.4052342e-04
   560 : -5.4732926e-07 -7.0972256e-07  9.7603576e-07
   561 :  7.5141999e-02  1.5519193e-01  2.1970287e-01
   562 : -6.0363826e-04 -8.5483874e-05 -3.1796093e-04
   563 : -4.4094887e-05 -1.0465628e-04 -1.9614274e-04
   564 : -3.2254361e-04  2.1629004e-03  3.3679660e-04
   565 : -7.6749165e-02 -7.9869330e-02 -1.3278430e-01
   566 :  3.5332733e-04 -4.3108455e-04  1.2575437e-04
   567 :  9.0462517e-04  2.9087963e-04  1.4139643e-03
   568 : -7.8413393e-06 -5.5488919e-08  7.9019480e-06
   569 : -2.1335669e-02  3.8496947e-02  9.6858907e-02
   570 : -1.9041865e-04 -2.5165050e-04 -1.2934684e-04
   571 :  4.9462963e-03 -4.5952515e-03  1.6730603e-02
   572 :  1.2954959e-09  2.8783858e-09  1.3965784e-08
   573 : -1.5987078e-02  1.1904208e-01  2.3986993e-01
   574 :  1.2099781e-01  6.5385342e-02  1.4136992e-01
   575 :  5.7810798e-04  1.0667648e-04  2.5177481e-04
   576 :  1.1647809e-01  4.6841229e-02  8.9453542e-02
   577 :  1.4409943e-04 -1.1022428e-05 -5.1788385e-05
   578 : -2.3018809e-05 -4.6587324e-06 -1.2077102e-05
   579 : -1.0244448e-02 -5.9253365e-02 -3.1300280e-02
   580 : -9.0036656e-04 -5.7874199e-03 -6.8488585e-03
   581 : -1.3687013e-04 -1.7580436e-04 -6.0897689e-06
   582 : -3.9546881e-05  1.3340042e-04 -4.2175721e-05
   583 :  2.6630472e-06 -7.7574958e-07  2.3258400e-06
   584 :  5.9940811e-02  2.4474077e-01  1.6485861e-01
   585 : -9.4665764e-02 -1.5061080e-01 -4.3932978e-02
   586 :  6.5379384e-05 -6.8115947e-05  1.6407343e-04
   587 : -9.4341567e-02 -8.8638966e-02 -9.7703098e-02
   588 : -5.8197466e-06  1.2918870e-05  3.1664818e-05
   589 : -1.2196378e-04  1.6497833e-04  9.6651467e-05
   590 : -1.9832093e-02 -7.2509565e-02 -3.1424178e-02
   591 : -3.7290645e-05 -2.0461424e-05  2.5934493e-05
   592 : -7.7120343e-02 -8.0484115e-02 -8.6392226e-02
   593 : -5.8061228e-02 -8.6310939e-02 -1.0339286e-01
   594 : -9.4583681e-03 -3.0306906e-02 -5.1486707e-03
   595 : -9.5224212e-04 -1.3471783e-03 -4.1178701e-03
   596 : -2.0019850e-04  1.6655295e-04 -7.8314404e-04
   597 : -5.9556578e-02 -1.1433535e-01 -8.6839616e-02
   598 : -1.0962627e-04 -7.4943564e-06 -9.0708059e-05
   599 : -6.2855073e-05  1.1594584e-04  3.2948494e-04
   600 : -2.2553228e-04 -9.3327252e-04  2.9163211e-04
   601 : -3.4312075e-02 -1.3215882e-01 -1.0937090e-01
   602 :  7.3089877e-04  3.8458029e-04  5.2817388e-05
   603 :  1.0131744e-01  1.2082383e-01  2.2230275e-01
   604 :  4.8429101e-10 -1.2451626e-10 -8.0580957e-10
   605 : -9.1087809e-09  1.4261459e-08 -1.6773639e-09
   606 :  9.3864218e-08  3.1335523e-07 -5.0663985e-07
   607 : -4.8698818e-02 -9.8708220e-02  1.0056573e-01
   608 : -9.3379929e-05  1.0716867e-04  1.0513144e-04
   609 : -3.7517277e-06 -5.0023017e-07  4.3971804e-06
   610 :  1.3557693e-04 -6.0568318e-04  2.8919795e-04
   611 :  2.7811980e-04  6.5224166e-04 -3.5330734e-04
   612 :  1.3857583e-01  1.8197978e-01  9.2895859e-02
   613 :  5.8026790e-02  1.8482008e-01  2.0110733e-01
   614 :  1.8582083e-08 -3.5301895e-08 -1.4918110e-07
   615 : -1.1289410e-07 -2.3357388e-07  6.1719744e-07
   616 :  7.3819790e-05  8.7993270e-06  6.9801612e-05
   617 : -5.1328703e-10 -2.7645469e-10  4.1786253e-10
   618 :  1.0782573e-01  1.0449910e-01  1.7116396e-01
   619 : -5.7379814e-02 -2.8633584e-02 -1.2424567e-02
   620 : -7.3431363e-02 -9.4189921e-02 -1.7316895e-02
   621 :  1.2206703e-03  8.7038796e-04  8.6324598e-04
   622 :  1.0539536e-04 -6.8704521e-05 -9.9039076e-05
   623 : -2.3768436e-05 -2.4743686e-05 -1.9341518e-05
   624 : -1.6850275e-05 -3.3630663e-05  5.9330957e-06
   625 :  5.4104373e-02  1.7988346e-01  3.1508281e-02
   626 : -2.2194829e-04 -5.2342275e-05 -2.3951304e-04
   627 :  5.8417664e-02  9.8832396e-02  1.5297782e-01
   628 :  7.0882389e-02  7.6256755e-02  1.6458499e-01
   629 :  1.6025122e-01  9.5053208e-02  1.6827358e-01
   630 :  3.5838424e-04  4.4550955e-04 -7.1870290e-04
   631 : -1.3239398e-04 -1.3380152e-04  1.8375299e-05
   632 : -7.1256711e-05  3.0941291e-04 -9.4638306e-05
   633 :  2.1691323e-03 -3.8359878e-03  2.3989165e-03
   634 :  1.7430674e-03 -8.3000556e-03 -7.6666114e-03
   635 : -6.0391122e-07  3.8037925e-08  2.0754066e-07
   636 : -1.0653858e-04 -2.7087971e-04  2.8200861e-05
   637 : -3.7698293e-03 -6.1616268e-04  3.1387056e-04
   638 :  8.2877401e-04 -2.1619653e-03 -3.7913917e-03
   639 :  1.0233635e-04 -9.6201493e-05  3.1331369e-04
   640 :  3.3200385e-04 -1.7075900e-05  9.5741283e-05
   641 : -2.2340655e-05 -2.4618186e-05  1.6226958e-05
   642 : -1.3445134e-05 -1.1605195e-05  8.3992720e-07
   643 :  1.3713442e-01  4.2307308e-02  4.2340355e-02
   644 :  1.8013196e-02  4.8185798e-02  5.1368822e-02
   645 : -8.7076157e-03 -9.4678298e-03  1.0914412e-02
   646 :  1.4470287e-02 -1.1876274e-02 -9.8396397e-03
   647 :  1.4620897e-03 -3.8790377e-03  1.0205005e-03
   648 :  1.4625369e-03  1.0303643e-04  1.9847637e-03
   649 :  3.9116780e-08 -5.8819807e-08  1.2592712e-08
   650 :  6.2733227e-04  1.2013706e-03 -1.9142466e-03
   651 : -3.2864101e-03 -8.8892771e-03  5.2420097e-04
   652 : -4.6176117e-09  7.8874807e-09  1.5301033e-08
   653 :  1.4466237e-08  1.2440534e-09 -5.3332595e-09
   654 :  5.5876125e-05 -1.9228373e-04 -1.4141538e-04
   655 : -1.5914902e-04 -2.1989322e-04  5.7179882e-05
   656 : -2.7056544e-07  2.3674183e-08 -1.7436908e-07
   657 :  3.9740230e-07  5.4519096e-07 -5.0359103e-07
