Number of elements 658
     0 :  6.6627705e-03  9.1693150e-03 -7.9386693e-03
     1 :  3.5980184e-04 -2.3702841e-03 -1.6779382e-03
     2 : -1.7729017e-03  2.2822494e-03  3.1908322e-03
     3 :  2.8586284e-10 -7.6410101e-10  1.9616145e-10
     4 : -1.8429067e-08  5.2875681e-08 -2.6899266e-08
     5 :  1.5035736e-07 -5.7193098e-08  1.2339243e-07
     6 :  6.0207087e-06 -2.4042753e-05 -9.0174575e-06
     7 :  4.2677500e-02  2.1763801e-01  1.4265363e-01
     8 :  6.0651815e-02  1.9595262e-01  6.5719874e-02
     9 : -2.7486194e-08  1.6616766e-08 -5.5157379e-08
    10 : -1.3299723e-07  5.1125147e-07 -1.0633505e-08
    11 :  5.9930885e-09 -1.5105993e-08  6.7267504e-10
    12 : -1.8023519e-01 -1.2231140e-01 -1.5725407e-01
    13 :  4.0744615e-05  3.2029175e-05 -2.1970836e-05
    14 : -1.2516857e-03  1.3518983e-03  6.5974415e-04
    15 : -1.5775227e-02  1.3144643e-01  1.1870078e-01
    16 : -1.4811540e-02  8.9399042e-04 -4.8926393e-02
    17 :  9.6780231e-11 -2.1196289e-11 -3.4040287e-11
    18 : -3.1630197e-05 -4.7931921e-06 -1.7459435e-05
    19 : -1.5587466e-05 -2.1951369e-05 -1.3729015e-05
    20 : -1.0374581e-07 -2.3865000e-08  2.0725818e-07
    21 :  6.5368396e-02  1.8269371e-01  5.0989654e-02
    22 :  1.0815809e-05  1.4651091e-05  1.4041121e-05
    23 :  2.2520033e-02 -3.6038930e-02 -1.8224163e-01
    24 :  5.3432501e-02 -1.3186049e-01 -1.5047210e-01
    25 :  4.4575284e-02 -7.7041688e-02 -1.4612224e-02
    26 : -1.4727853e-03  2.3451124e-01  1.3671959e-01
    27 :  8.3126307e-09 -1.7971170e-08 -6.6397272e-09
    28 : -2.7164626e-04 -2.4819832e-04  1.7666848e-07
    29 : -1.8014510e-01 -5.3000982e-01 -2.9777935e-01
    30 :  1.6126413e-09  3.3831561e-09 -2.6931001e-09
    31 :  3.1226618e+00 -4.0280083e+00  1.7228311e+00
    32 : -1.5760717e-02 -7.4976068e-02 -4.0076099e-02
    33 : -3.7188839e-03 -4.5026648e-03 -2.9304103e-03
    34 : -1.2494832e-05 -2.6304575e-06  7.2460535e-06
    35 : -9.5539546e-10 -3.5629593e-10  4.9794501e-10
    36 : -7.3605873e-02 -3.3973167e-02 -6.3495844e-03
    37 :  3.8461415e-04 -7.3348753e-03 -1.3782568e-02
    38 :  6.0054028e-01 -8.3152817e-02  4.6905083e-01
    39 :  2.0742840e-03 -1.2634972e-02 -1.1237910e-02
    40 : -4.5931630e-06  6.9735145e-05  3.6091357e-05
    41 :  1.6903089e-01  2.8328045e-02  3.9560970e-02
    42 :  6.3588849e-09 -4.7399909e-08  7.4728569e-09
    43 :  2.5322260e-01  8.2268944e-02  4.9211243e-02
    44 : -5.0063782e-01 -6.0259899e-01 -2.1742780e-01
    45 :  4.0684646e-02  2.1387901e-01  6.8234613e-02
    46 :  2.2644545e-03  2.9295901e-04  2.5760520e-03
    47 :  2.3524287e-10 -1.4179344e-11 -9.7633013e-11
    48 :  4.4483626e-04 -4.1412077e-04  9.9890349e-04
    49 : -3.7097980e-01 -3.0060513e-01 -2.3401903e-01
    50 : -4.0458448e-03  9.3291784e-04  6.3249319e-04
    51 :  3.0897792e-01  2.5540973e-01  1.6705769e-01
    52 :  2.4525398e+00 -3.3143300e+00  2.5038382e+00
    53 :  1.5683547e-03  2.1862550e-04  1.9580089e-03
    54 : -1.2416259e-01 -2.3734508e-01 -2.1656391e-01
    55 : -6.6985463e-02 -2.6852534e-01 -1.9534534e-01
    56 :  6.1085672e-02 -1.0075057e-01  1.1436232e-03
    57 :  1.9256079e+00 -1.2367211e+00  1.3695674e+00
    58 :  2.9677860e-11  2.3273312e-11 -8.9401939e-11
    59 :  2.7567658e-01  1.3732396e-01  1.7332897e-01
    60 :  2.0290468e-01  1.5443295e-01  1.9467592e-01
    61 :  1.6894638e-01  1.7883408e-02  1.1116696e-01
    62 : -3.4628746e-06  1.3736193e-05 -4.6807798e-06
    63 : -5.6898101e-02 -8.7217405e-02  3.3114652e-02
    64 : -1.7012880e-05 -1.7147348e-05 -1.5475615e-05
    65 :  1.7136456e-01  1.1220516e-01  1.0302135e-01
    66 :  1.1788363e-05 -1.2084108e-05 -1.6621870e-05
    67 : -6.7880780e-02 -1.3733827e-01 -9.6002790e-02
    68 : -1.3847248e-01 -1.3627465e-01 -2.0591989e-01
    69 :  5.8562622e-02 -6.4370511e-02  1.0543150e-02
    70 : -5.1287388e-03 -4.3286174e-03  1.0529565e-03
    71 :  1.0146217e-01  1.7483933e-01  5.9540215e-02
    72 :  9.5887991e-02  1.5032662e-01  3.7241804e-02
    73 :  9.2912775e-02  1.9848021e-02  7.1202502e-03
    74 : -3.1053185e-09 -1.8668849e-08  8.7166313e-09
    75 :  5.7396852e-09 -2.1340309e-09  4.3963561e-09
    76 :  7.2824777e-02  2.2236020e-02  9.8727289e-03
    77 :  1.0768468e-05 -1.1074065e-05  1.4034334e-05
    78 : -2.2130898e-04  1.2948527e-04 -4.0670189e-04
    79 :  2.2807949e-09 -4.9852420e-08  3.8032929e-08
    80 : -1.4553092e-09  5.6565149e-09 -8.9316232e-10
    81 :  2.0877854e-05  1.0131827e-04 -5.4835598e-05
    82 : -5.6400224e-10 -7.2158937e-10  3.5725313e-10
    83 :  2.4360509e-05 -1.7767155e-05 -4.0612388e-05
    84 :  1.1792027e-01  1.5315545e-01  8.7359491e-02
    85 : -1.3123901e-03 -1.3207389e-02  4.5913706e-02
    86 : -1.0613316e-07  1.7283919e-07  1.0965519e-07
    87 :  9.3178467e-06 -1.4300804e-05  1.6170804e-05
    88 : -1.9487998e-01 -1.8208153e-01 -1.4346955e-01
    89 :  1.6508289e-03  4.6178656e-05  6.6821226e-04
    90 :  1.6707313e-01  1.0937052e-01  1.4063790e-01
    91 : -2.5904916e-01 -3.8016693e-01 -2.7529756e-01
    92 :  1.0238125e-03 -3.5759265e-04  1.0495883e-05
    93 :  2.3589237e-02 -3.8813974e-04  7.1913923e-02
    94 : -3.2722801e-02 -6.9357100e-02 -2.5332171e-01
    95 :  1.3344742e-01  5.2142011e-02 -2.5481713e-02
    96 : -2.5090808e-05  1.2950445e-05 -1.0745673e-04
    97 : -1.5463171e-01 -1.5106295e-01 -2.0956653e-01
    98 :  6.3918679e-01  1.3690726e-01  2.1328337e-02
    99 : -3.3436009e-05  3.6876299e-05 -4.5425328e-06
   100 :  8.8034617e-05 -2.6776543e-05  6.6564877e-05
   101 :  1.2974633e-03  8.6304844e-04 -2.8453132e-04
   102 : -1.6067893e-01 -1.1421912e-01 -1.7211776e-01
   103 :  1.9544397e+00 -2.9142122e+00  2.1777475e+00
   104 : -3.2374365e-03 -6.9166064e-03  4.5697293e-03
   105 :  1.2486768e-05  2.5777598e-07 -7.8663066e-06
   106 :  6.0239562e-03 -1.4827893e-02  1.6970667e-03
   107 :  2.5051980e-06  1.7155025e-06 -1.0237835e-07
   108 : -6.3647320e-07  5.2077493e-07  4.1974484e-08
   109 :  9.4122387e-05  2.3410169e-05 -3.1032719e-05
   110 :  1.4403268e-01  1.8665105e-01  4.0169145e-02
   111 :  1.5177045e-05 -1.1286626e-05 -4.0207636e-05
   112 : -7.4184785e-03  9.0758442e-03  1.8303414e-02
   113 :  1.3583518e-01  7.7014908e-02  1.9484320e-01
   114 : -9.1674575e-02 -1.3256987e-01 -2.5487464e-01
   115 :  4.3374925e-01  1.6064612e-01  7.3704221e-02
   116 : -1.5469640e-05 -3.9121311e-06 -1.0788040e-05
   117 : -7.3262893e-03 -1.5526619e-02 -1.2741527e-05
   118 :  9.8828384e-02  7.0251978e-02  6.0351218e-02
   119 : -2.6133274e-04 -8.2374497e-04  8.1296529e-04
   120 : -3.8071004e-01 -3.0695094e-01 -4.7860361e-01
   121 : -2.7627229e-07  1.8764387e-07  1.2252725e-07
   122 : -6.2187845e-01  9.8677994e-02 -4.3087199e-01
   123 : -2.0331792e-02 -2.0915517e-02 -8.6141130e-03
   124 : -4.3591199e-02  1.5609275e-02 -2.3414961e-02
   125 :  5.5410052e-07 -4.3821733e-07  1.3582874e-07
   126 : -4.9439105e-05 -3.9399895e-04  1.4884624e-04
   127 : -9.0847132e-07  1.6555684e-06 -3.3291206e-07
   128 :  1.0149586e-05 -1.3699085e-05  4.1304626e-04
   129 : -9.2016219e-02 -6.9972143e-02  7.2931853e-03
   130 :  4.6775820e-05 -3.0309471e-05  6.1257850e-05
   131 :  3.2064729e-01  9.4297792e-02 -3.4412758e-02
   132 :  1.5016956e-06 -2.9232623e-06 -3.2564902e-08
   133 : -4.0854856e-07  3.2317577e-08  4.6895449e-07
   134 : -1.3767137e-01 -7.6355484e-02 -3.6276729e-02
   135 :  9.8400688e-01  4.2835194e-01  9.5337222e-01
   136 : -3.8915876e-05 -4.1476116e-03  1.6469046e-03
   137 : -5.5426612e-11 -9.2029196e-11  2.0466053e-10
   138 : -7.5433329e-08  1.2029625e-07  8.3415390e-08
   139 :  6.8580740e-01 -1.1695776e-01  7.1206787e-01
   140 : -3.4276833e-04  1.5181597e-03 -5.8538568e-04
   141 : -2.2993184e-05 -2.7064675e-05 -3.3628011e-06
   142 : -7.6904718e-02 -8.2464992e-02  1.6371501e-04
   143 :  3.9183668e-05 -1.0754223e-05  9.1466277e-06
   144 :  1.1593029e-04  1.3378201e-03  9.0228756e-04
   145 : -1.6784015e-08  1.2263723e-08 -2.4194589e-09
   146 :  1.0788400e-01  3.3876854e-02  1.4751440e-01
   147 :  4.5877135e-02 -3.9138450e-03 -1.4788517e-02
   148 : -1.2880566e-06  1.3552675e-06  2.9929293e-06
   149 :  3.0836549e-03  1.6167678e-01  6.9019784e-02
   150 : -2.0129757e-05 -2.4420940e-05  3.6724630e-06
   151 : -1.3475195e-01 -8.8092897e-02 -1.0163975e-01
   152 : -2.3174623e-09  4.5540889e-10  1.4093020e-09
   153 :  1.5433851e-01  7.8212267e-02  5.0630676e-02
   154 : -3.2160596e-05 -1.3767491e-05  2.9011068e-06
   155 :  7.8324155e-04  1.6562387e-03  2.8654491e-04
   156 : -1.4905941e-05 -1.5444845e-05  4.5603899e-06
   157 :  1.6655927e-01  1.0591719e-01  6.5409301e-02
   158 : -1.5826305e-01 -1.5770242e-01 -2.1179705e-01
   159 :  3.8763032e-05  3.0261477e-05  5.2139886e-06
   160 : -7.7310538e-03 -1.0838033e-01 -5.7959459e-02
   161 : -6.0877036e-01 -3.6881339e-01  4.6356299e-02
   162 : -1.0591897e-01 -1.8625757e-01 -1.5172685e-01
   163 : -7.3952954e-02 -1.6462317e-01 -1.2885580e-01
   164 :  9.7549436e-01 -1.1265045e+00  2.0587384e+00
   165 :  5.8566289e-02 -1.1086114e-01  7.9939661e-03
   166 :  2.1088172e-01  6.7493911e-02  6.4302589e-02
   167 : -8.5935234e-07  4.2576692e-07 -2.3867465e-07
   168 : -9.2964771e-03 -7.7128748e-03 -1.1428986e-03
   169 : -2.9841692e-06 -2.7758989e-06  2.1437049e-06
   170 :  1.2022346e-03  9.0010128e-04 -7.8274396e-03
   171 :  2.7149972e-05 -3.5770931e-06  6.1237012e-05
   172 : -1.9759677e-03 -2.5221542e-03 -1.2692005e-02
   173 : -1.0623606e-01 -9.6599387e-02 -1.3726310e-01
   174 : -1.6121504e-05  7.8138130e-07  1.8838069e-06
   175 : -3.9068925e-04 -2.8951189e-04  9.3664118e-05
   176 : -2.0784995e-04 -3.0207105e-04 -2.0646652e-04
   177 : -1.3975353e-01 -1.2963302e-01 -8.3034353e-02
   178 : -1.0490847e-01 -1.8328262e-01 -1.8984897e-01
   179 : -9.7072949e-02 -5.7625415e-02 -8.6789349e-02
   180 : -3.5115443e-01  3.3520872e-02 -7.2822804e-02
   181 : -1.4601329e-01 -1.0743356e-01 -2.2968500e-02
   182 : -1.2636002e-01 -1.1128470e-01 -9.4902328e-02
   183 :  3.0849686e-06 -1.0834823e-07  6.7170042e-06
   184 :  6.7876852e-02 -2.8801448e-02 -4.1177883e-02
   185 : -3.3953655e-12 -7.0835016e-13  2.8329758e-12
   186 : -1.5427649e-04 -3.0202901e-04 -4.5442576e-04
   187 : -1.5567571e-01 -7.2065642e-02  8.0633735e-02
   188 :  4.0659219e-07 -3.4817963e-06  5.6932455e-07
   189 : -1.5488474e-07 -1.3914040e-07 -8.2835146e-07
   190 :  1.6225268e+00 -1.2008831e+00  6.9533780e-01
   191 : -1.3304863e-01 -3.8910293e-02 -4.7439393e-02
   192 : -1.6551769e-01 -2.2084656e-01 -1.7650038e-01
   193 : -3.8789390e-04 -3.1065780e-04 -2.0792398e-05
   194 :  2.2203129e-07 -1.1982744e-05 -6.7223349e-06
   195 : -1.2689013e-08  1.7684889e-08 -2.7810645e-08
   196 :  2.5487292e-05 -4.1096632e-05  8.9242471e-05
   197 :  4.2936105e-02  1.6307412e-01  8.0271265e-02
   198 : -4.7005612e-08 -2.1072136e-08  7.1066286e-08
   199 :  2.1777274e-05 -5.0840757e-06  1.5993947e-05
   200 : -1.3154079e-07  1.6296874e-07 -2.1902467e-08
   201 :  3.5142889e-02 -9.8777452e-03  7.7683611e-02
   202 :  7.3673369e-01 -2.5642140e-01 -2.9147111e-01
   203 : -4.7413210e-08  1.9150099e-07 -6.6338858e-08
   204 :  9.5431711e-02  6.1676534e-02  2.0922368e-01
   205 :  2.1832374e+00 -2.7485346e+00  2.6425473e+00
   206 :  7.6908376e-02  1.0130099e-02  6.5383362e-02
   207 : -1.4802925e-07  6.0930572e-08  3.3853007e-07
   208 : -1.3013807e-01 -1.2169505e-01 -7.0929417e-02
   209 :  3.0275867e-08 -3.6350259e-08 -4.0203045e-08
   210 :  1.3342202e-01 -4.4987241e-03 -1.4141693e-03
   211 :  7.2168815e-02 -2.5652787e-03  1.6941203e-02
   212 : -2.1738173e-01 -3.1844770e-02 -4.4301156e-01
   213 : -2.6034345e-01 -1.4298382e-01 -2.7182939e-01
   214 :  1.0784079e-02 -7.5513525e-03 -5.7793329e-03
   215 : -1.4461939e-05  2.2679886e-06 -1.3049836e-06
   216 :  4.6632231e-02  6.6122729e-02 -5.1066485e-02
   217 :  5.5293541e-09  4.8160414e-09 -4.9669834e-09
   218 :  2.0215788e-01  7.7682147e-02  1.9198343e-01
   219 :  1.6696299e-01 -2.7494218e-02  2.8568505e-03
   220 : -2.3428332e-05  6.6957169e-06  2.1206659e-06
   221 :  2.9377551e+00 -5.5733585e+00  2.3242388e+00
   222 :  6.2895928e-09  4.7000211e-09 -1.6569040e-09
   223 : -8.9620582e-02  5.7684617e-02  6.0002868e-02
   224 :  8.1394042e-05  3.5291302e-05 -1.0975911e-04
   225 :  1.0141283e-07 -2.4879444e-06  3.1228266e-06
   226 :  2.6537197e-05  2.7005081e-05  3.2528411e-05
   227 :  6.4633751e-08  9.0437723e-10  4.1129957e-09
   228 :  1.7809222e-10 -6.5590739e-11  2.4642163e-10
   229 : -4.5454719e-07  3.8965485e-05 -2.0249556e-05
   230 : -2.1251395e-07 -1.5263678e-07  3.5708145e-06
   231 :  4.3916886e-03 -1.0704911e-02  6.4594698e-03
   232 : -4.5278293e-07 -1.3724414e-07  1.2297145e-07
   233 :  5.0309174e-02  3.1770981e-02 -9.9278619e-02
   234 :  1.8187361e-05 -1.4328215e-05 -7.3787129e-06
   235 : -8.2717749e-06 -5.7424804e-06 -7.6958867e-06
   236 : -4.9449001e-03  1.3633741e-03 -9.6854752e-03
   237 :  1.3302877e+00 -1.5384900e+00  3.2204106e+00
   238 : -5.5452734e-13  1.1185549e-11 -1.5758346e-11
   239 : -8.0751835e-02 -3.4186693e-01 -4.8366471e-01
   240 : -3.7790423e-06 -2.0427222e-06  2.3741909e-06
   241 :  1.5882116e-01 -6.0271371e-03  7.0767923e-02
   242 : -3.4639416e-06  5.8191065e-04 -6.8791865e-05
   243 : -8.9906612e-02 -1.2658301e-02 -3.1328335e-02
   244 :  9.6364457e-01 -7.9761304e-02 -3.4832057e-01
   245 : -2.7918278e-05 -1.2026458e-05 -2.9018400e-05
   246 :  4.3047975e-12 -1.0126758e-11  6.3358946e-12
   247 :  2.5374025e-01  5.6079724e-02  1.1602890e-01
   248 : -1.3493609e-01 -5.9805994e-02 -2.0098125e-01
   249 : -4.3661253e-05  3.8170803e-05  3.7667576e-05
   250 : -1.3868924e-01 -2.0511955e-01 -3.3010365e-01
   251 :  4.9178069e-06  3.7014742e-05 -2.3482717e-04
   252 :  3.6959600e-01 -5.3972208e-02 -1.1932404e-01
   253 : -3.1344404e-04 -2.2910979e-05 -2.6828050e-04
   254 :  7.2802600e-01 -1.1041694e-01 -7.3694476e-02
   255 :  2.4676183e-01  1.5400824e-01  5.2885556e-02
   256 :  3.6508966e-02  1.1699555e-01 -1.0113930e-02
   257 : -8.2086016e-09  2.4335547e-08 -6.0465304e-09
   258 : -2.5381268e-05  5.4611976e-06 -6.3360910e-06
   259 : -3.7088922e-11  1.2726084e-10 -7.9711959e-11
   260 : -3.0144914e-10  4.7033142e-09 -1.9299026e-09
   261 : -3.1493467e-01 -1.9101416e-01 -2.4629148e-01
   262 : -7.9608710e-03  1.3920438e-01  7.4515036e-02
   263 :  4.0034870e-05 -2.5142087e-05  5.6694576e-05
   264 : -9.4226239e-07  1.4727383e-07  3.4921124e-07
   265 : -1.3693319e-06  1.2053871e-05  6.5933289e-05
   266 : -1.8303663e-04  2.1691661e-03  1.3292497e-03
   267 :  2.0957470e-01  3.8575850e-02  9.1516841e-02
   268 : -5.6026565e-02  2.1180290e-01 -1.0521714e-01
   269 :  8.5257615e-04 -4.6279072e-05 -4.6536491e-04
   270 : -1.6152880e-04  7.5939855e-04  2.5450820e-03
   271 :  3.0976506e-04  2.9285723e-04 -6.0930064e-04
   272 :  3.1946729e-02  1.2186617e-02  5.3264858e-02
   273 : -4.9434076e-02  1.2130369e-01 -4.5275051e-02
   274 :  7.8200289e-02  1.2430307e-01  1.6596312e-01
   275 : -1.3818078e-06  1.4872241e-06  1.9758826e-06
   276 : -2.0060390e-04 -6.2157043e-04 -6.6293075e-04
   277 : -1.6783534e-06  9.5589104e-06 -2.2866158e-06
   278 : -4.5556253e-03  4.7277707e-02 -1.4570696e-02
   279 : -2.3585647e-03 -4.6985769e-03 -7.4061085e-05
   280 :  1.4567371e-04 -2.1624197e-04  9.6269861e-05
   281 :  3.0242505e-02 -6.2451195e-03 -3.0813955e-03
   282 : -7.9503600e-10 -1.4351051e-09  3.3028278e-10
   283 :  3.6399337e-03 -8.4625387e-02 -1.7859674e-02
   284 :  1.4797985e-03  2.5732052e-03 -7.8501554e-04
   285 :  5.2736880e-04 -1.2773300e-03 -9.8665618e-05
   286 : -1.6460848e-02 -1.4311040e-02 -1.9152559e-04
   287 :  2.9546927e-01  1.5554354e-01  1.3460480e-01
   288 :  8.0153360e-09 -1.3406426e-08  1.1626628e-09
   289 :  1.0260438e-05 -1.2018807e-05 -2.7871349e-05
   290 : -1.9800692e-05 -3.0530173e-05 -9.1694852e-06
   291 : -8.9734894e-03 -8.8172339e-03  1.5579025e-03
   292 :  1.7701142e-09  8.3647555e-10  1.2303409e-08
   293 : -1.2269138e-06 -2.1522443e-06  1.0776977e-06
   294 :  1.7505694e-05 -9.9222790e-05 -1.0092050e-04
   295 : -2.4714930e-01 -3.0949099e-01 -3.2150534e-01
   296 :  3.5948096e-03 -1.3538484e-02 -9.7707471e-03
   297 :  1.8662034e-01  1.5539794e-01  1.0097643e-01
   298 :  2.7832686e-05  3.6218037e-05  2.4683679e-05
   299 :  7.9095303e-04 -3.2214233e-04  2.1508133e-03
   300 :  2.3548707e-04 -3.8363266e-04 -1.4909806e-04
   301 :  4.1770785e-02  1.3480027e-01 -1.1192717e-02
   302 : -1.2533010e-01  9.4540938e-02 -2.1199113e-01
   303 : -1.1150485e-04 -2.4300050e-04 -1.9038613e-04
   304 :  5.5956646e-02 -1.0459966e-01  1.3877544e-01
   305 :  1.3806511e-07  3.3891977e-08 -8.8576695e-08
   306 : -7.5008474e-07  1.2043364e-07  1.5770672e-07
   307 : -4.3333774e-03  3.9210126e-04  1.0919176e-04
   308 :  1.9132434e-01  1.4508079e-01  1.9762493e-01
   309 : -9.6770892e-02 -8.1532506e-02  8.6105645e-02
   310 :  1.3231599e-01  8.4777667e-02  1.4824435e-01
   311 : -1.6870297e-04 -6.2941630e-05 -1.1030909e-04
   312 : -4.3209648e-03  1.8549597e-03 -4.0044572e-03
   313 : -1.2562621e-05  1.5856292e-05 -2.1316571e-05
   314 : -1.5872352e-01 -1.7568352e-01 -9.8058457e-02
   315 : -3.1931979e-03  1.2893143e-03  2.2889055e-03
   316 :  5.2617058e-05 -1.0406908e-04 -3.4234237e-05
   317 : -4.2938101e-05  1.2194962e-04 -1.6557929e-04
   318 : -1.5341100e-02 -3.8953407e-02  4.0472527e-02
   319 :  2.6954551e-02 -8.1467218e-03  7.7154059e-02
   320 :  1.0881273e-01  7.1595642e-02  7.0902368e-03
   321 :  4.9956445e-04 -8.6656014e-03  3.1858822e-03
   322 :  2.8045681e+00 -5.2470108e+00  2.6728858e+00
   323 :  7.4695000e-02  8.7418687e-02  5.0109632e-02
   324 : -1.4947825e-01 -8.2590627e-03 -1.3519998e-01
   325 :  7.1246037e-09 -3.8770332e-08  8.1796166e-08
   326 :  9.4179024e-04  2.1759120e-03 -7.4480700e-03
   327 :  1.4825838e-01  1.1059018e-01  7.1087751e-02
   328 : -1.4194131e-09  9.0356144e-09 -3.7198450e-09
   329 :  7.4815867e-01  3.7333177e-01  3.2328059e-01
   330 :  1.4371449e-01  4.6384738e-02 -5.4088188e-03
   331 :  1.4396833e-01  1.0469061e-01  9.3608972e-02
   332 :  9.5625061e-06 -2.5671531e-04 -5.2976762e-05
   333 :  6.4548345e-02  2.4600171e-01  1.4017564e-01
   334 :  2.6917369e-04 -2.1401744e-03 -8.2360365e-05
   335 : -4.5364813e-06  2.5127729e-05 -2.5489582e-06
   336 :  1.3648942e-03 -5.1915093e-04 -4.3466608e-05
   337 : -6.1879261e-04  2.5800159e-04  3.1096899e-04
   338 :  7.0706884e-04  1.6351098e-03  1.6913152e-04
   339 :  8.8255540e-02  2.2315865e-01  1.2147050e-01
   340 :  2.8180735e-09 -2.3120044e-09  1.0318843e-08
   341 :  1.2199238e-04 -1.2616141e-04 -4.3016077e-04
   342 :  1.5209019e-05  6.2121181e-05  3.9948683e-05
   343 :  5.2631085e-04  3.9936331e-04  4.3233558e-04
   344 : -2.6038623e-03 -6.5621192e-04  1.7671204e-03
   345 :  6.9515451e-02  1.7255471e-01  5.5782841e-02
   346 : -9.7021320e-04  3.6149066e-03 -5.1159702e-03
   347 : -3.2194774e-07  7.3421648e-04  6.2454114e-04
   348 : -1.5936306e-09  7.3614586e-09  2.0988902e-09
   349 :  2.2696938e-02 -4.6401495e-03 -3.3124973e-03
   350 :  3.4648987e-03  1.9713376e-03 -1.9441603e-03
   351 :  1.5525361e-01  1.6186162e-01  4.1027926e-02
   352 :  1.1276935e-04 -2.8654653e-04 -3.2837316e-04
   353 :  1.3741262e-01  1.9555410e-01  2.6399489e-02
   354 : -2.1431868e-06 -2.3041429e-05 -9.8637001e-06
   355 : -2.3839871e-04 -6.4370213e-05 -2.0663191e-04
   356 : -2.8650688e-05  1.5052860e-05  7.0387360e-05
   357 : -3.8206961e-06  4.0349242e-06  2.2677547e-07
   358 : -1.7141461e-03  1.2298720e-03  4.2139707e-03
   359 :  1.3198689e-05 -1.1731290e-06  6.3862249e-06
   360 : -4.1635746e-04  2.0429737e-03 -1.1710442e-03
   361 : -1.2101415e-03 -1.5765947e-03  3.9803980e-03
   362 :  1.9325286e-05  2.8874082e-05 -3.0990163e-05
   363 :  1.6072810e-03  2.1586631e-04  1.8417285e-03
   364 : -1.7250646e-05 -1.1127609e-04  3.5406345e-04
   365 : -7.8032192e-03  2.1809631e-02  8.1973997e-03
   366 :  1.8059562e-02  8.7408606e-02 -1.2041441e-01
   367 :  2.1386339e-03  2.5397275e-02 -7.8635174e-02
   368 :  1.6956446e-02 -1.0318073e-02  1.2857345e-01
   369 :  2.6102889e-01  8.7697874e-02  3.0690168e-02
   370 :  1.0395346e-08 -2.1627260e-08  2.0108236e-08
   371 :  1.8803546e-01  1.2853077e-01  5.8350193e-02
   372 : -2.9593048e-11 -9.8080585e-12  1.0152182e-10
   373 : -5.5151938e-07  4.7228636e-06 -1.8761462e-05
   374 : -2.9823694e-07  2.5233692e-07 -1.0942007e-06
   375 : -2.2925275e-04  3.9290785e-04 -3.1134388e-04
   376 :  4.2313469e-04 -4.2167174e-04  4.0990397e-04
   377 : -9.1127744e-05 -4.0857285e-05 -2.0732104e-05
   378 : -5.7321655e-07  1.1412222e-06 -2.3401585e-07
   379 :  1.8357466e-01  1.4775234e-01  4.4453174e-02
   380 :  3.6140324e-04  7.5002629e-04 -3.2404203e-04
   381 :  4.5580715e-05 -2.8106148e-05 -1.6093004e-05
   382 :  3.2240029e-07 -3.2214253e-08  4.2066740e-07
   383 : -1.0349888e-11  9.9815084e-12 -1.2106674e-11
   384 :  8.1661696e-06  1.8773319e-05 -6.6756343e-06
   385 :  1.6522214e-01  8.4743055e-02  9.4335064e-02
   386 :  1.8828192e-05  4.9741792e-05  9.1518623e-05
   387 : -2.3557638e-07 -1.0160899e-06 -3.3555469e-07
   388 :  1.6917946e-03  1.0037439e-04 -1.9279459e-04
   389 :  4.9137677e-05  1.0135621e-04  7.0910423e-07
   390 :  8.7718154e-05 -3.7774466e-05  5.5529397e-06
   391 :  1.5164244e-01  1.5289776e-01  6.1622659e-02
   392 :  6.6609531e-05 -9.0398973e-07  3.9156775e-05
   393 : -1.3639236e-04  5.3390689e-06 -2.2201180e-04
   394 : -6.6725507e-05 -8.3497412e-05  3.6607943e-05
   395 : -6.1032603e-04  2.3068471e-04 -1.1944752e-03
   396 : -5.8595212e-03 -1.5865931e-03 -7.0042833e-03
   397 :  1.8709521e-01  7.3305079e-02  3.1565895e-02
   398 :  1.5601238e-08 -1.8367356e-09 -3.6324802e-08
   399 : -3.4074236e-05 -1.6076507e-05  7.3948551e-05
   400 :  3.5097807e-05 -4.6983737e-05 -5.9191279e-06
   401 :  2.3434035e-02  6.8841515e-02 -7.8944025e-03
   402 :  1.2777908e-01  1.9326182e-02  2.6640982e-02
   403 :  1.3132160e-03 -2.9868478e-04  2.7182351e-03
   404 : -2.1200091e-05  1.7005256e-05  7.3143015e-05
   405 :  6.2701705e-05  1.2091497e-04 -1.2652512e-04
   406 :  1.5354369e-01  2.0466235e-01  9.9602409e-02
   407 :  1.0915085e-04  1.1415069e-05  2.7458780e-05
   408 :  1.1518567e-05 -1.3947087e-05  1.0299468e-05
   409 : -3.8036072e-04  9.1926899e-05 -1.5269549e-04
   410 :  5.7310739e-05 -3.0652813e-06 -4.4718310e-05
   411 : -3.2120194e-04 -5.1051928e-04 -5.8330498e-05
   412 :  7.8881086e-04  3.2188243e-04 -6.5012254e-04
   413 : -1.3213168e-04 -4.0531825e-04  2.9871095e-04
   414 : -6.9050438e-05 -2.1110689e-04  4.4322324e-04
   415 :  4.0159221e-05 -5.7316800e-05 -8.8171751e-05
   416 :  8.7460388e-06 -5.9056782e-06  4.7199923e-06
   417 :  1.1968013e-01  1.2866993e-01  4.3157267e-02
   418 : -9.4424730e-02  1.2521050e-01  5.0591605e-01
   419 :  1.7940257e-01  1.0789095e-01  1.2919435e-01
   420 :  5.1386228e-02  2.8913563e-01  9.8894761e-02
   421 : -5.3597435e-03  5.6109388e-04 -4.5642019e-03
   422 :  7.9706878e-09 -2.7921256e-10 -3.0093115e-09
   423 :  6.7111334e-04 -2.1508512e-04 -4.2839699e-04
   424 :  9.7991443e-02  1.6220890e-01  5.2567567e-02
   425 :  2.3646469e-07  5.8462390e-08 -3.8177681e-07
   426 :  1.4153647e-03  6.1096435e-04  5.7753614e-04
   427 :  6.5190930e-02  1.9146650e-01  1.6333893e-01
   428 :  7.9844507e-06 -3.4298710e-06  1.7163665e-05
   429 :  2.9176765e-05 -8.2502426e-06 -3.0696996e-05
   430 :  1.3526256e-01  7.9099479e-02  6.3495295e-02
   431 : -4.1925694e-02 -2.0905797e-03 -1.1725785e-02
   432 :  2.7893839e-02  1.1863048e-02 -7.4632648e-03
   433 : -2.1118732e-05 -7.2858693e-05  2.9973934e-05
   434 :  1.0720956e-04  6.1379319e-05  6.3322606e-06
   435 : -3.1444276e-03 -2.1687944e-03  1.2500910e-03
   436 : -1.1466368e-01 -9.3735729e-02 -8.8157971e-02
   437 : -6.4841886e-05  3.1573164e-04 -1.5858504e-04
   438 : -2.8347674e-01 -3.6814971e-01 -3.8368392e-01
   439 : -2.2759127e-02 -8.9520998e-02 -7.7930835e-02
   440 : -2.6294226e-05  5.6153849e-04  4.1782286e-04
   441 : -5.8627952e-07 -4.7738192e-07  8.1635031e-08
   442 : -3.2383952e-01 -2.6252544e-01 -2.4705761e-01
   443 : -1.8734059e-05  6.0238383e-06  6.6154966e-06
   444 :  2.4647531e-05  4.3223963e-05 -1.0915250e-04
   445 : -2.3338457e-09  6.4508562e-09  7.6598365e-09
   446 :  4.9554391e-01  1.6838825e-02 -3.6228420e-02
   447 :  8.4124225e-05  1.5174925e-04  1.1208695e-04
   448 :  1.1246793e-06  2.4766554e-06 -3.8271006e-07
   449 :  8.5795474e-02  7.3303648e-02  2.6561393e-03
   450 : -6.0229242e-03 -5.2848640e-03  2.0251542e-03
   451 : -8.3626891e-02 -6.2186494e-02 -3.7380302e-02
   452 :  6.5348371e-04  6.2099586e-05 -9.6322548e-05
   453 :  4.0552674e-05 -7.8542829e-06 -7.5522334e-05
   454 :  1.9747845e-01  1.4026959e-01  1.7363392e-01
   455 :  3.2684419e-01  1.7499045e-01  2.3650324e-01
   456 : -3.1599209e-04 -2.2265869e-04  7.1729535e-05
   457 : -9.2001352e-06 -5.9263513e-05  2.0233091e-05
   458 : -1.2346125e-01 -8.3742499e-02 -4.7483747e-02
   459 : -5.9390324e-03  5.7571073e-03 -5.8510307e-03
   460 :  1.1633452e-10 -8.9234851e-11  3.5068465e-10
   461 : -3.9304034e-04 -2.9365918e-04  9.2950759e-05
   462 :  7.0905214e-04 -4.2481582e-04 -4.7666462e-03
   463 : -2.2074608e-04  9.1865326e-05 -3.6113739e-04
   464 : -1.9218146e-08  5.5004263e-08 -1.3774164e-08
   465 :  6.9521345e-02  3.0515401e-02  1.2763622e-01
   466 :  4.6456474e-05 -1.1187572e-05  3.4790955e-05
   467 :  5.6727082e-05  7.3360678e-06  6.1992223e-05
   468 :  1.1246205e-01  1.8195589e-01  8.1645683e-02
   469 :  1.9359971e-02 -2.5926639e-02 -4.9386118e-03
   470 : -5.0619559e-07  4.0956098e-08 -4.8824711e-07
   471 :  3.5521588e-02  1.0730695e-01  5.1980472e-03
   472 : -6.0369982e-02 -1.1794005e-01 -7.0732447e-02
   473 :  1.7480538e-08 -4.6821756e-08 -4.0863202e-08
   474 :  1.2945649e-02 -1.0020460e-02 -8.1561308e-03
   475 :  1.1560989e-04  2.8013815e-05  1.8932075e-05
   476 :  1.1523884e-02 -5.2448776e-03 -6.6081806e-03
   477 :  1.4914676e-08 -3.9766098e-08 -6.1649721e-09
   478 :  4.3732920e-02 -1.3885100e-02  1.2709137e-01
   479 :  4.5556512e-02  9.7573481e-02  1.2884184e-01
   480 :  1.3692744e-01  2.6962155e-02  1.1058116e-01
   481 :  3.7953469e-03 -2.9640145e-02  1.0924089e-02
   482 :  2.4484011e-05  2.3076646e-05 -5.7438314e-05
   483 : -9.0647726e-03  8.3282178e-04 -9.3679615e-03
   484 :  9.8502410e-02  8.9427606e-02  2.6092764e-01
   485 : -2.5720391e-03  3.8767411e-04  1.3484498e-03
   486 : -1.6750096e-02  2.0215770e-01  2.4925385e-01
   487 :  1.4045827e-03 -2.2620686e-03  1.5751666e-03
   488 : -6.8944865e-09 -4.4802081e-08  1.0462393e-07
   489 :  9.9340411e-05  1.5551093e-03  1.2403770e-04
   490 : -6.5293244e-10  2.7116136e-10  9.8014770e-11
   491 :  1.1705913e-01  7.4486281e-02  1.8901849e-01
   492 :  1.1845873e-04 -1.1900638e-04  1.5994634e-04
   493 : -3.4164409e-04  2.0392787e-04 -1.4142392e-04
   494 : -4.4130845e-04  8.0795210e-05 -1.0165278e-04
   495 : -2.2083838e-02  2.5481413e-02  1.4909648e-01
   496 : -1.6112728e-05  5.7236164e-06  3.5755426e-06
   497 :  4.3911357e-04 -1.6144422e-04  2.0256876e-05
   498 :  1.4234615e-01  1.4012952e-01  8.0383363e-03
   499 :  1.4018890e-01  8.7857155e-03  4.3329885e-02
   500 :  8.3231088e-03  1.8564027e-01  2.0229805e-01
   501 : -2.4467092e-07 -6.3629608e-07  3.3433098e-06
   502 :  1.2287888e-02 -6.2710194e-03 -2.1543488e-03
   503 :  1.8664238e-02  1.0054544e-01  1.2598684e-01
   504 :  2.6100082e-05 -3.6883455e-05  2.7007484e-05
   505 :  1.1442016e-01  1.4188481e-02  4.7646583e-02
   506 :  4.6892421e-05 -1.4435657e-05  5.1594841e-05
   507 :  2.6645985e-01  2.2876684e-01  6.1073273e-02
   508 : -2.1459085e-05  5.6944965e-06 -8.7782454e-06
   509 :  2.0516623e-06 -2.0142705e-06 -2.0752917e-06
   510 :  9.2217574e-02  1.4696297e-01  1.4757806e-02
   511 :  1.4901710e-01  2.1370847e-01  7.3477190e-02
   512 : -1.9264888e-07  2.3733717e-08  1.1570947e-07
   513 :  8.3465799e-05  3.7520754e-05  4.7085433e-05
   514 : -4.9962859e-05 -6.6322453e-06 -1.3925613e-04
   515 : -7.7964055e-05 -5.1067467e-05 -1.3353169e-05
   516 : -4.1405031e-03 -9.2165392e-03 -1.5251020e-03
   517 : -1.9972126e-02  9.0587555e-03  1.1268659e-01
   518 : -1.6977472e-07 -4.5291995e-07  2.7631956e-07
   519 :  8.8595556e-03 -1.7627800e-02 -2.2518696e-02
   520 :  1.9927780e-08  1.2714387e-07 -8.7724984e-08
   521 :  2.1748863e-05 -2.6968194e-05 -1.2632311e-05
   522 :  2.6871211e-04  6.1459882e-04 -5.4348783e-04
   523 : -1.3151846e-09 -1.4380627e-09  9.2635500e-10
   524 :  1.4211632e-01  5.7227515e-02  2.8659864e-02
   525 :  6.7694979e-05 -1.2183383e-04  1.9243928e-04
   526 :  7.6293504e-04 -1.2500014e-04  3.5975669e-04
   527 : -1.2179827e-06 -1.4274133e-06  4.7714122e-06
   528 :  1.7641992e-01  2.3191095e-01  1.8627265e-01
   529 : -1.5386854e-07 -3.9286354e-08  8.3532419e-08
   530 :  7.1632677e-04  2.9735453e-04  3.9100395e-04
   531 :  1.5938716e-04  2.2775967e-04 -3.6031406e-04
   532 : -1.7231186e-04 -1.7022875e-04 -4.7048104e-05
   533 :  1.3733668e-09  1.3476721e-09  5.2539581e-09
   534 :  9.4137159e-02  1.4489812e-01  3.5301934e-02
   535 :  1.5423187e-03  1.1704217e-03 -5.7798269e-04
   536 :  8.7203836e-02  1.8476441e-01  2.1588337e-01
   537 : -2.7876660e-03  1.8485245e-02  1.2887784e-01
   538 :  1.3433914e-02  8.9049961e-02  8.3334713e-02
   539 :  1.1283335e-05 -7.8290927e-06 -4.1759127e-06
   540 :  2.6254901e-01  1.1958287e-01  9.9964424e-02
   541 :  1.0043305e-06 -4.2441832e-07  3.1890983e-06
   542 :  1.5039925e-01  4.2670932e-02  6.9343364e-02
   543 :  3.3010814e-06 -2.0654920e-06 -1.8642652e-07
   544 : -4.0147607e-02  9.7631411e-02  2.0025960e-02
   545 : -4.8875027e-03  5.1911772e-02 -1.2900111e-01
   546 :  4.0323394e-04 -1.1741215e-04  1.2531632e-04
   547 :  3.6411151e-05 -1.5797753e-04 -3.1858662e-04
   548 :  8.2275435e-04  6.5152960e-03  5.2903970e-02
   549 :  6.2657618e-09 -5.6882697e-09 -3.0116980e-09
   550 :  1.9252833e-05  2.6781494e-05 -1.0790837e-05
   551 :  4.9314404e-05 -3.7553469e-05  2.8084222e-06
   552 : -2.0725331e-04  4.3511305e-04 -2.6677060e-04
   553 : -1.2487701e-01 -1.5578445e-01 -1.2250845e-01
   554 :  6.5578555e-04 -3.6895473e-04 -2.2444390e-04
   555 :  8.5646907e-05 -1.5150833e-05  1.7803959e-05
   556 :  9.3033961e-02 -2.1583719e-02  3.0226831e-02
   557 :  1.4511897e-01  1.0521188e-01  5.3137225e-02
   558 :  7.7327766e-02  2.3140849e-02  1.1480575e-01
   559 :  4.1939868e-04 -4.0326528e-05  6.9599598e-04
   560 :  6.7144821e-08  1.3391222e-07 -1.4116123e-07
   561 :  1.5986452e-02  1.1106684e-01  2.3211507e-01
   562 :  3.6892892e-05 -1.2381069e-04  1.0988666e-04
   563 :  2.2510664e-05  4.4883551e-05  6.0828514e-05
   564 : -1.0167132e-04 -4.2184954e-04 -2.2947659e-04
   565 : -1.1888456e-01 -1.1666998e-01 -1.5013425e-01
   566 : -1.5362675e-04  7.9664054e-04  6.4552336e-04
   567 : -1.1549131e-05 -1.3107055e-04  3.5981004e-04
   568 :  1.9457643e-06  1.6791236e-07 -1.4962422e-06
   569 : -4.7846451e-03 -1.1131814e-02 -3.4820574e-03
   570 :  3.2766242e-05  9.1843717e-05 -6.4018273e-05
   571 : -9.8133553e-03 -2.4075742e-03 -6.4352360e-03
   572 : -1.8183565e-10 -2.0745323e-10 -8.7813523e-10
   573 : -3.9825027e-02  1.9778392e-02  1.2303892e-01
   574 :  1.8680921e-01  8.5701379e-02  1.6722852e-01
   575 : -2.3663602e-04 -1.3755250e-04 -2.0181974e-04
   576 :  1.4357039e-01  6.4556935e-02  1.1612263e-01
   577 : -8.2049153e-05 -6.0354799e-06  2.2888340e-05
   578 :  5.7126977e-06  2.5831085e-06  1.5896815e-06
   579 :  9.3042910e-02  2.3455646e-03  4.4192003e-02
   580 : -8.9544268e-03  1.8375516e-03 -2.4391917e-03
   581 :  6.2908834e-05  7.5094117e-05 -9.1625145e-05
   582 :  7.1281838e-06 -2.5433600e-05  7.5981154e-06
   583 : -4.5400631e-07  1.5274816e-07 -3.7373277e-07
   584 :  6.5016463e-03  2.7923033e-01  1.8564049e-01
   585 : -8.6034744e-02 -1.6066608e-01 -3.5299302e-02
   586 : -1.5018768e-05  8.5035369e-06 -2.4614339e-05
   587 : -1.3544243e-01 -9.0872478e-02 -1.1441898e-01
   588 :  7.2071476e-06 -9.1765871e-06 -9.3058918e-06
   589 :  5.9828722e-05 -1.8875234e-04 -1.5228135e-04
   590 :  5.0882315e-02 -3.8067451e-02  6.5293486e-02
   591 :  6.7127330e-06  8.8365392e-06 -4.7576977e-06
   592 : -1.2734399e-01 -1.2882473e-01 -1.4016403e-01
   593 : -1.0474130e-01 -1.4330251e-01 -1.6040455e-01
   594 : -1.8630731e-02 -5.4722806e-03  8.3076951e-03
   595 :  7.2959919e-05  2.8526433e-04 -2.2875439e-04
   596 :  2.1524984e-04 -3.7216034e-04  2.5464516e-04
   597 : -9.1209417e-02 -1.6368889e-01 -1.0782796e-01
   598 :  5.4074066e-05 -1.0621477e-04  2.9710083e-06
   599 : -2.9640535e-07 -1.4972863e-04 -2.4504006e-04
   600 :  2.3876463e-04  3.1703745e-04 -4.6683446e-04
   601 : -5.1796623e-02 -1.7711977e-01 -1.3743356e-01
   602 : -2.6832367e-04 -1.9588163e-04 -9.2962027e-05
   603 :  1.0150704e-01  1.0292014e-01  2.4991129e-01
   604 : -1.2466875e-10  1.6069909e-10  9.3443798e-11
   605 :  1.8256724e-09 -1.4948717e-09 -3.0520421e-10
   606 : -9.2922787e-08 -1.6756572e-08  1.4553861e-07
   607 :  3.7172983e-02 -2.4161046e-02 -5.7198470e-02
   608 :  1.2920279e-05 -2.0808796e-05 -1.0668594e-05
   609 :  7.8057216e-07  3.7198813e-07 -1.5886011e-06
   610 : -2.6364747e-05  1.1412500e-04 -3.8757185e-05
   611 :  1.9722286e-04  4.3475876e-06 -1.0454917e-04
   612 : -2.4901121e-02  1.9568245e-01 -2.1455232e-02
   613 : -3.2138147e-03  1.3358618e-01  1.6316184e-01
   614 :  6.3874653e-09  8.1815733e-10 -5.2088379e-10
   615 :  1.2651893e-08  1.4987171e-07 -1.8457410e-07
   616 : -1.9265582e-05 -7.8197836e-06  9.7823712e-06
   617 :  5.4845612e-11  4.1871508e-11 -4.6098638e-11
   618 :  1.2727864e-01  1.0602699e-01  1.9947542e-01
   619 :  1.8360037e-02  2.5265446e-02  5.2351912e-02
   620 : -2.8938100e-02 -6.1279809e-02  4.1105663e-02
   621 :  6.3399595e-04  1.0615236e-03 -5.7373715e-04
   622 : -2.3335221e-05  1.4899999e-05  1.1943292e-05
   623 :  4.6978505e-06  3.2289679e-06  3.6904324e-06
   624 :  3.0565445e-06  5.7436318e-06 -1.5540945e-06
   625 :  1.2452855e-02  8.5133141e-02  6.3780136e-03
   626 :  9.7594821e-05  2.0560281e-05  1.0723195e-04
   627 :  4.7164685e-02  1.4738674e-01  1.9627164e-01
   628 :  4.9487818e-02  1.0213746e-01  2.0156779e-01
   629 :  1.9353888e-01  1.0755886e-01  1.8573270e-01
   630 : -9.2655687e-05 -3.7677872e-05  1.7255674e-04
   631 :  3.2042440e-05  5.8124249e-05  3.4826018e-06
   632 : -2.4061241e-05 -2.5315133e-04  4.3630559e-05
   633 : -3.0282220e-04  2.3489565e-03  2.0157020e-04
   634 :  1.2766572e-03 -6.4039228e-05  2.6546613e-03
   635 :  7.7267198e-08 -2.4861583e-09 -2.5039760e-08
   636 :  4.6805910e-05  1.5881244e-05  1.2332153e-05
   637 : -1.7872299e-03  3.4006543e-04  6.9097992e-04
   638 :  1.1749375e-03  6.4203312e-04 -2.1238229e-03
   639 :  2.5751077e-04  6.5874081e-04 -1.0291000e-04
   640 : -1.5817893e-04 -2.9931787e-05  5.4280570e-05
   641 :  2.3028916e-06  5.1713335e-06 -2.4333064e-06
   642 :  3.6562735e-06  6.5266359e-07 -1.8456427e-06
   643 :  1.8298854e-01  4.2297136e-02  6.1824529e-02
   644 :  4.0231889e-02  1.2537222e-01  9.2870894e-02
   645 :  4.1640872e-03 -5.4734019e-03 -1.2515654e-02
   646 : -1.4962356e-02 -1.7679519e-03  3.9561583e-03
   647 : -1.8905455e-06  1.8604711e-03 -1.7991482e-04
   648 : -3.2957814e-04 -1.9016356e-04 -2.5863235e-04
   649 :  6.1463880e-09 -4.0538337e-10 -1.0168198e-08
   650 :  8.6351400e-04  5.5262443e-05  1.3384624e-03
   651 :  8.9438443e-04 -1.6853637e-03  7.9465588e-04
   652 :  3.7716734e-10 -7.9606008e-10 -1.2693988e-09
   653 : -1.2012132e-09 -1.3808068e-10  4.2276525e-10
   654 : -1.0506416e-04  7.9034244e-05  7.1013474e-05
   655 :  7.5225721e-05  8.5367914e-05 -1.0172571e-04
   656 :  4.8980129e-08  3.3673034e-09 -1.1110032e-08
   657 : -1.1400103e-07 -1.8607187e-07  1.1826551e-07
