Number of elements 658
     0 :  1.2465424e-01  8.5557766e-02 -1.7302378e-02
     1 : -5.2208200e-03 -1.5647638e-03  2.4275930e-03
     2 :  9.9033691e-03 -1.1392831e-02 -2.5366134e-02
     3 :  3.7952820e-09  1.6395835e-08 -4.0241746e-09
     4 :  4.4262350e-07 -9.2247544e-07 -4.6782889e-07
     5 :  1.3108367e-08 -8.3461722e-07 -2.4251348e-07
     6 :  7.2260309e-05 -5.8074125e-05  1.2451675e-05
     7 :  4.6617025e-02  1.4350240e-01  1.0439435e-01
     8 :  8.8491800e-02  1.6120637e-01  8.9566671e-02
     9 :  7.0026881e-07  3.0644443e-07 -6.4244928e-07
    10 :  1.3602539e-05 -1.0922234e-06 -2.7135916e-06
    11 : -7.2759380e-09  1.3615677e-07 -6.9895105e-08
    12 : -7.3924667e-02 -4.2030385e-02 -9.7619050e-02
    13 : -9.0133813e-05 -9.9949190e-05  1.7441007e-05
    14 : -4.3886106e-03 -4.3836047e-03 -1.5025240e-03
    15 :  7.0921598e-02  4.3240924e-02 -1.0266563e-02
    16 : -6.0156250e-02 -4.6604695e-02 -7.7404712e-02
    17 : -1.3458045e-09  8.3591712e-09 -3.0289879e-09
    18 :  2.0370317e-05  1.3852178e-04 -3.2127430e-04
    19 : -5.3597074e-05 -1.9983779e-04 -6.6256735e-05
    20 :  1.0793753e-06 -2.1508514e-06 -3.5645800e-06
    21 :  4.3843125e-02  1.2472170e-01  3.4170367e-02
    22 :  1.6813901e-05 -6.1508360e-05 -5.0842374e-05
    23 : -2.4328670e-01 -3.0699326e-01 -4.5800080e-01
    24 : -4.9348964e-02 -1.1301203e-01 -1.4617577e-01
    25 : -1.6126242e-02 -1.1263520e-01 -6.2241473e-02
    26 :  1.3185295e-01  2.4008237e-01  1.6555559e-01
    27 :  2.3367808e-07 -2.7437856e-07 -1.8472253e-07
    28 :  6.5718146e-04  1.6009173e-03  4.2548319e-04
    29 : -4.1905126e-01 -3.0563875e-01 -2.4895917e-01
    30 : -1.0244195e-07 -8.6880163e-08  5.2213136e-07
    31 :  2.5725048e+00 -4.3627459e+00  7.2377705e-01
    32 : -6.0838461e-02 -7.2347238e-02 -4.7560049e-02
    33 :  6.5902043e-02  5.2696368e-03 -5.3226735e-04
    34 :  1.6794622e-04  1.2664212e-04 -1.3088701e-05
    35 : -2.6775177e-09  1.1840597e-08  5.0961814e-09
    36 : -8.0415088e-02 -6.5083518e-02 -5.9649515e-02
    37 :  7.6506496e-02  7.7373231e-03  7.6002013e-02
    38 :  7.9962521e-01 -3.9044224e-01 -6.3115883e-01
    39 : -1.8162538e-02  1.4534336e-02  4.9681403e-02
    40 : -7.1933995e-05 -7.7548090e-05 -1.4078557e-04
    41 : -8.6345324e-03 -2.6490549e-02 -2.1581929e-02
    42 :  1.6638663e-07 -6.6791546e-07  1.5406419e-07
    43 :  5.1571324e-02  1.0025286e-01  3.7076189e-02
    44 : -3.7345519e-01 -2.4652402e-01 -3.4619188e-01
    45 :  1.1266508e-01  4.6386047e-02  1.3050843e-02
    46 : -9.2398355e-03 -1.9234581e-03 -9.2975124e-03
    47 :  6.2048370e-09 -6.1689062e-09  1.1195196e-08
    48 : -3.1777275e-03  1.7151564e-03 -5.2967197e-03
    49 : -1.8482767e-01 -2.1343419e-01 -2.0012502e-01
    50 :  2.0814332e-03 -6.9090882e-03 -3.0061816e-03
    51 :  2.2166027e-01  2.2341318e-01  1.5715615e-01
    52 :  3.1035235e+00 -5.3729163e+00  2.4398325e+00
    53 : -7.4561444e-03 -1.4157493e-03 -8.3888210e-03
    54 : -3.6685521e-04 -1.0355655e-01 -1.7319225e-01
    55 : -3.5488953e-02 -1.1713563e-01 -9.8244197e-02
    56 : -9.1074811e-02 -1.8226816e-01 -8.5083662e-02
    57 :  2.4422686e+00 -3.5183591e+00  2.5501054e+00
    58 : -4.3007605e-10 -8.3630007e-10  2.4526382e-09
    59 :  1.9106739e-01  1.1138792e-01  9.6158862e-02
    60 :  6.6880388e-02  5.1049895e-02  5.5114919e-02
    61 : -9.6612766e-02 -1.2048438e-01 -2.1209267e-02
    62 : -1.5966235e-05 -1.3280488e-04  2.0251559e-05
    63 : -8.6819349e-02 -1.1410764e-01 -5.2597946e-03
    64 : -4.2976074e-05 -2.2147380e-04 -5.6092948e-05
    65 :  2.4401970e-01  1.5681079e-01  1.5204072e-01
    66 :  7.2442320e-05 -1.1127406e-05 -3.5841891e-05
    67 : -1.0022058e-01 -9.5977831e-02 -8.3586839e-02
    68 : -1.2632689e-01 -3.6874628e-02 -1.4717993e-01
    69 : -2.5134745e-02  3.6355754e-02 -2.3047352e-02
    70 :  5.6024008e-03 -1.2551982e-03 -6.2911686e-03
    71 :  7.7051106e-02  1.3304506e-01  3.7289049e-02
    72 :  1.7199519e-01  1.1448013e-01  1.0800726e-01
    73 :  2.1485881e-01  8.0522756e-02  4.9438338e-02
    74 :  1.9742066e-07 -3.2522637e-08  9.3852796e-08
    75 :  3.4295068e-07  9.8387330e-07 -6.0677912e-07
    76 : -3.0581892e-04  2.0660037e-02  3.7600635e-02
    77 : -5.8844889e-05  2.2131360e-05 -1.0587389e-04
    78 :  1.7514073e-03 -8.5385780e-05  1.9776522e-03
    79 :  2.8869952e-07  3.4649082e-07 -1.0950433e-06
    80 : -3.7461224e-08 -5.2304398e-08  5.2991253e-09
    81 :  5.8436404e-04 -8.9091700e-04  1.2861548e-03
    82 : -5.5367151e-08  7.1812651e-08 -1.4761605e-07
    83 : -1.9195493e-04  1.2424922e-04  5.9070760e-04
    84 :  1.5777684e-01  1.1356840e-01  9.9459753e-02
    85 :  6.7166701e-02  1.2393697e-02  1.7312797e-01
    86 : -1.1329384e-07 -2.4410118e-06 -1.1312790e-06
    87 :  6.1033799e-05  2.4266859e-06  2.9905042e-05
    88 : -1.2762454e-01 -1.0482580e-01 -1.2586807e-01
    89 : -7.3534376e-03  4.5475480e-04 -1.8111040e-03
    90 :  9.7944386e-02  9.1280045e-02  1.2619313e-01
    91 : -7.0847757e-02 -2.1663998e-01 -2.3709576e-01
    92 : -5.2172783e-03  1.6713003e-03 -1.0448022e-03
    93 :  6.9224907e-02  2.7724320e-02  1.0891803e-01
    94 : -9.7818757e-02 -7.3209596e-02 -1.7789764e-01
    95 : -9.7487291e-02 -1.8694499e-01 -1.8349295e-01
    96 :  3.3346066e-04  5.7434676e-05  5.5356416e-04
    97 : -3.4314229e-02 -1.1626784e-01 -1.1281553e-01
    98 :  1.3379613e+00 -1.1679973e+00  8.0010505e-01
    99 :  1.1808233e-04 -5.7139966e-04 -4.7959965e-04
   100 : -2.9550261e-05 -1.4754775e-04 -1.8705840e-04
   101 : -5.5630699e-03 -5.2990882e-03 -3.4845609e-03
   102 : -1.1440612e-01 -1.1688865e-01 -1.3064550e-01
   103 :  1.8097329e+00 -4.0587471e+00  2.1188978e+00
   104 : -9.6963938e-03  2.5971977e-03  7.7578835e-02
   105 :  8.7246545e-05 -1.3099272e-05 -5.8880064e-05
   106 : -2.7065978e-02  5.5130293e-02 -2.2772889e-02
   107 : -3.1885482e-05  7.5208982e-05  9.0050849e-05
   108 :  1.3610937e-05 -7.3744947e-06 -1.6745876e-06
   109 : -4.2866164e-05 -1.6225386e-04 -1.6153433e-04
   110 :  1.4924360e-01  1.3650789e-01  5.3762563e-02
   111 : -7.6900674e-04  3.4292869e-04  2.2304192e-04
   112 :  1.3127595e-02  7.8735885e-02  1.4608955e-01
   113 :  2.8322571e-02  5.0522243e-02  1.0790135e-01
   114 : -2.7463311e-02 -2.7939589e-02 -1.2526130e-01
   115 :  6.4817417e-02 -9.0073722e-02 -2.4020047e-01
   116 : -4.3548392e-05 -1.9119408e-04 -1.7433879e-04
   117 :  7.9801865e-03  7.1330434e-02 -1.2957701e-02
   118 : -4.7811116e-02 -4.3737312e-02 -3.0055499e-02
   119 :  1.0694556e-05  3.7933835e-03 -4.0137237e-03
   120 : -2.7495068e-01 -2.5727245e-01 -2.5378131e-01
   121 :  2.8535868e-06  3.7843156e-06 -2.6211761e-06
   122 : -4.9552582e-01 -5.0300279e-01 -4.1612235e-01
   123 : -6.2395048e-02 -7.2998946e-02 -4.5619908e-02
   124 :  9.6762742e-02 -1.1251353e-01  2.2667972e-01
   125 : -4.4167550e-06  1.4902977e-05 -3.7916839e-06
   126 :  5.6126421e-04  2.0929865e-03 -7.3670494e-04
   127 :  5.4525557e-06 -1.8329365e-05  1.0055892e-05
   128 : -1.6538360e-04  3.7665210e-04 -9.2028489e-04
   129 : -7.5351107e-02 -7.4540705e-02 -7.3913888e-02
   130 : -1.8492888e-04 -1.0322497e-04 -5.0201350e-04
   131 :  9.3586290e-02 -9.0403143e-02 -1.6580420e-01
   132 : -1.2168659e-06 -4.1214019e-06  3.0081535e-06
   133 : -4.9274702e-06 -3.2272855e-06  1.5677226e-05
   134 : -1.0454588e-01 -8.1558535e-02 -6.1463424e-02
   135 :  3.3448986e+00 -3.7950010e+00  3.9834569e+00
   136 : -3.9774221e-03  1.0116755e-02 -8.2050355e-03
   137 : -1.3667825e-08 -4.8846824e-09  1.8141198e-08
   138 : -1.6713824e-07  2.9986982e-07 -7.8774816e-07
   139 :  1.0465443e+00 -2.3746027e+00  2.3855608e+00
   140 :  4.1490052e-03 -5.2735079e-03  2.2641106e-03
   141 :  7.7728492e-05 -3.5710398e-04  1.0895009e-04
   142 :  1.3069942e-02 -9.8058742e-02 -3.9958001e-02
   143 : -7.5402461e-05 -4.7560626e-05 -5.1973786e-05
   144 : -1.1027359e-03 -4.4050773e-03 -9.3925761e-03
   145 :  5.4727957e-07 -9.8181505e-08  4.7937358e-07
   146 :  8.8312014e-02  3.8685317e-02  1.0462089e-01
   147 : -5.9594750e-02 -5.5804683e-02 -5.6976103e-02
   148 :  9.4740774e-06 -7.0232736e-06 -5.3915179e-05
   149 :  8.1621488e-02  2.2603097e-01  1.0480471e-01
   150 : -4.2534313e-05 -5.7242215e-05  6.2906372e-05
   151 : -1.1832792e-01 -7.2030662e-02 -1.1443587e-01
   152 : -9.7162897e-08  4.6014250e-08 -2.9099514e-09
   153 :  4.8627549e-02  4.4730276e-02  3.1049243e-02
   154 :  4.9297292e-04  1.4315715e-04 -4.6780386e-04
   155 : -7.4780680e-03 -8.2196652e-03 -5.1222585e-04
   156 : -3.1651635e-05 -5.5289569e-05  3.1575094e-05
   157 :  1.0549574e-01  6.9843596e-02  1.1979288e-01
   158 : -4.3647452e-02 -5.4196050e-02 -9.1955921e-02
   159 : -1.6579557e-04  9.7373541e-05  2.4879716e-04
   160 : -1.6877072e-02 -1.1217567e-01 -7.8938581e-02
   161 : -4.3682732e-01 -6.2151235e-01 -6.2249675e-01
   162 : -8.9173898e-02 -1.0323921e-01 -1.5318674e-01
   163 : -3.7912227e-02 -9.5954689e-02 -1.3677957e-01
   164 :  2.5913213e+00 -3.8488485e+00  3.2194798e+00
   165 : -6.9231304e-03 -1.7107195e-01 -4.6426587e-02
   166 : -9.8082378e-02 -1.9864813e-01 -7.0480724e-02
   167 :  4.5802379e-06 -3.4689479e-06  4.5040946e-06
   168 :  5.2558683e-02  1.3723596e-02 -1.3013674e-02
   169 :  2.4625732e-05  2.9922463e-05 -1.0163474e-05
   170 : -5.4886360e-03 -4.9614703e-03  3.1080978e-02
   171 : -8.8538862e-05 -7.9078009e-05 -1.6602950e-04
   172 : -2.3776831e-03  7.6485180e-03  5.7652758e-02
   173 : -8.4692973e-02 -2.9435953e-02 -1.1246927e-01
   174 :  1.1796687e-04 -3.2920581e-04 -2.7862007e-04
   175 :  1.7758294e-03  7.4292697e-04 -1.7136928e-03
   176 :  1.6228212e-03  1.6052565e-03 -5.9227589e-04
   177 : -6.9402547e-02 -6.9981852e-02 -6.0051639e-02
   178 : -6.8143419e-04 -8.9990248e-02 -8.0371349e-02
   179 : -6.6848132e-02 -6.4887445e-02 -7.3531083e-02
   180 : -3.1948479e-01 -1.5462833e-01 -2.0797349e-01
   181 : -1.0813035e-01 -1.0589389e-01 -5.3803926e-03
   182 : -9.7020402e-02 -1.3061189e-01 -7.6745686e-02
   183 :  6.9905644e-05 -3.5065785e-05  6.0734879e-05
   184 : -6.0676004e-03 -6.0554987e-02 -9.2528918e-02
   185 :  6.0235733e-10 -1.1489427e-09  2.7256886e-10
   186 :  2.2442078e-03  2.0025692e-03  7.6762838e-04
   187 : -1.1893768e-01 -1.1240844e-01  6.1483058e-02
   188 :  1.3056112e-05  1.5681564e-05 -2.1851136e-05
   189 : -6.9441545e-06  7.8883989e-06 -1.7575064e-05
   190 :  1.4272710e+00 -2.0521622e+00  9.7698196e-01
   191 : -1.3466955e-01 -3.4018245e-02 -3.7048077e-02
   192 : -1.0134113e-01 -1.3228462e-01 -1.6790983e-01
   193 :  1.1395570e-03  2.0117091e-03 -1.6247359e-03
   194 :  6.5419857e-05 -1.9847261e-04  6.7097540e-05
   195 :  6.3389430e-07 -2.6422025e-06  6.0799174e-07
   196 : -4.8693327e-04 -1.2783138e-05 -4.8000227e-04
   197 : -2.4100586e-03 -2.8807883e-03 -2.7888732e-02
   198 :  1.9819070e-07  5.1005521e-07 -2.8658737e-06
   199 : -9.1867078e-05 -2.8134769e-05 -2.6425162e-05
   200 : -1.3050282e-06 -2.6446134e-06  1.8468530e-06
   201 : -3.4971865e-02 -6.2627333e-02 -3.1189121e-02
   202 :  5.8516762e-01 -2.3582622e-01 -3.7199932e-01
   203 :  2.5322994e-07 -1.4095842e-06  5.5770751e-07
   204 :  5.4337537e-03  4.6201145e-02  5.2609200e-02
   205 :  2.3759911e+00 -4.7684670e+00  3.2844178e+00
   206 : -1.4458402e-02 -2.9876633e-02 -3.8807984e-02
   207 :  4.3959382e-07 -1.5610547e-06 -1.0030004e-06
   208 : -1.4629332e-02  4.3811304e-02 -3.7173716e-02
   209 :  1.2884184e-08 -1.4805391e-07  5.0607518e-07
   210 : -3.6391230e-02 -1.3999865e-01 -7.0285570e-02
   211 :  1.2151558e-01  2.3495425e-02  6.6711543e-02
   212 : -1.3131563e-01 -1.2354270e-01 -2.5560615e-01
   213 : -8.8300176e-02 -2.4973755e-02 -1.1947112e-01
   214 :  1.0532891e-01  6.2091880e-03  4.7880206e-02
   215 : -2.0371242e-05  3.7232346e-05 -2.9730029e-05
   216 : -4.7319301e-02 -2.3436551e-01 -1.0683567e-01
   217 : -6.7262641e-08  2.3636091e-07 -9.6764474e-08
   218 :  1.7001002e-02  3.4985024e-02  3.4109076e-02
   219 : -1.5493405e-01 -2.4483422e-01 -2.1693525e-01
   220 : -4.0068765e-05 -2.2630953e-04 -1.8511853e-04
   221 :  2.1191673e+00 -4.9144092e+00  1.9686895e+00
   222 :  3.6268101e-07 -1.0800772e-07 -8.0499407e-08
   223 : -1.5493355e-01 -3.1147809e-01 -1.7877447e-01
   224 : -5.5641771e-04  2.1182525e-04  1.3206453e-03
   225 : -1.0820399e-05  1.3943969e-05 -2.6678919e-05
   226 : -2.5428125e-04  7.9516171e-04 -5.2162943e-04
   227 :  6.6053864e-07  9.1566493e-07 -5.2994484e-07
   228 :  2.0148061e-08 -6.6888596e-09  2.8043432e-09
   229 : -7.5601878e-05 -1.3376981e-04 -5.9282874e-07
   230 : -8.2368843e-06 -1.9962512e-05  4.1212306e-05
   231 : -5.9823236e-04 -1.8113100e-03 -2.4156343e-02
   232 :  1.3281603e-06  1.9832822e-06 -7.6238101e-06
   233 : -6.2303974e-02 -6.7145847e-02 -1.4748712e-01
   234 : -1.2929578e-04 -5.1915647e-05 -1.6903955e-04
   235 :  8.3755604e-05  9.4797948e-05 -2.0304768e-04
   236 :  1.0216400e-02 -7.2944789e-03  4.0966815e-02
   237 :  3.5327495e+00 -5.1391271e+00  3.1941271e+00
   238 :  9.4767216e-10 -1.5038636e-09 -8.1119865e-10
   239 : -1.3776883e-01 -2.0555228e-01 -1.8615167e-01
   240 :  7.8728904e-06  7.6463693e-06 -4.1897495e-06
   241 :  1.6279093e-01  4.7838726e-02  1.2659405e-01
   242 :  7.1491422e-04 -8.3880196e-04  3.2721126e-04
   243 : -9.0121205e-02 -6.5563526e-02 -5.2841115e-02
   244 :  2.6761334e-02 -5.2773814e-01 -6.0945118e-01
   245 :  1.1950011e-04  5.6212141e-05  4.7991953e-04
   246 :  2.4761727e-11  7.3793253e-11 -3.3977941e-10
   247 :  9.2027697e-02  6.7978113e-02  8.5334676e-02
   248 : -7.2587642e-02  1.9553983e-02 -1.3706869e-01
   249 :  3.8193796e-04 -3.7488733e-04 -5.5002074e-04
   250 : -8.2366509e-02 -6.8975513e-02 -1.3709452e-01
   251 :  3.5423508e-04  2.4576730e-07  1.2461170e-03
   252 :  1.3074002e-01 -1.0005952e-01 -5.1326745e-02
   253 :  4.9995671e-04  4.1702873e-04  8.5290204e-04
   254 :  5.5857834e-01  1.5369455e-02 -2.8022300e-01
   255 :  8.4921629e-02  7.1817323e-02  6.6677132e-02
   256 :  8.6389090e-02  1.3091082e-01  6.4546218e-02
   257 :  1.6299504e-07 -1.1485848e-06  3.8582720e-07
   258 :  1.1810626e-04  7.1325090e-05  1.7150732e-04
   259 :  2.7276169e-09 -3.5477770e-09 -4.0380801e-09
   260 : -6.2344964e-08 -2.0533586e-08 -3.5540294e-08
   261 : -1.0313340e-01 -8.2571988e-02 -1.4501198e-01
   262 :  5.5247518e-02  1.8773307e-01  1.2732049e-01
   263 : -5.8115207e-04  1.9358196e-05 -1.2552419e-04
   264 :  1.1162366e-05 -1.5333852e-07 -1.6209632e-07
   265 : -8.6744144e-05 -1.2457677e-04 -1.7505185e-04
   266 :  2.8062844e-04 -1.2252134e-02 -5.2282777e-03
   267 : -1.5547324e-01 -1.3681617e-01  8.1412271e-03
   268 :  9.6268765e-01 -3.0062781e-01  2.4735217e-01
   269 : -3.3446830e-03 -1.2942723e-03  1.6047387e-03
   270 :  3.6666818e-05 -4.4498590e-03 -1.3660037e-02
   271 : -2.0756033e-03 -1.7728307e-03  3.7675805e-03
   272 : -4.8334490e-02 -7.0695755e-02 -4.4303093e-02
   273 :  8.4679386e-02  1.6377832e-01  2.8739316e-01
   274 :  2.5081998e-02  9.3777798e-02  3.3619297e-02
   275 :  2.0604417e-06 -7.0994670e-06 -1.2315594e-05
   276 :  1.7412328e-03  2.6316370e-04 -7.4333366e-04
   277 :  8.5898393e-06 -1.3302020e-04 -1.1047635e-05
   278 :  8.9896504e-02  1.6727049e-01  1.4118246e-02
   279 :  2.7007968e-03  1.5357164e-02 -4.6152626e-03
   280 :  4.1014931e-04 -3.7798070e-03 -6.1507458e-05
   281 :  1.2239614e-01  4.4463311e-03  7.2327882e-02
   282 :  3.5484676e-08 -7.4767709e-08 -1.5192979e-07
   283 : -1.6940311e-01 -4.5394682e-01 -2.7409800e-01
   284 : -4.0104869e-03 -1.4080343e-02  4.3438234e-03
   285 : -3.4602190e-04  6.0736228e-03 -3.9594595e-04
   286 :  7.4897938e-02  1.9375097e-02 -1.3543672e-02
   287 :  1.1170367e-01  8.1258037e-02  5.9645790e-02
   288 : -2.9949497e-07  6.0847315e-07  1.3495642e-07
   289 :  6.9703274e-05  9.6996389e-05 -1.1094893e-04
   290 : -3.4348735e-05 -1.4117908e-04 -2.5406857e-04
   291 :  8.8496227e-02  1.7521651e-03  1.3323043e-01
   292 :  6.0235028e-07 -2.0128752e-07  2.1455040e-07
   293 :  1.8613428e-05  1.1529463e-05  4.1841251e-07
   294 :  2.4622769e-05  3.2674311e-04  5.0402243e-04
   295 : -1.8751894e-01 -1.9708756e-01 -1.3339526e-01
   296 :  7.7836516e-02  7.3462865e-02  1.3906304e-02
   297 :  2.0385741e-01  1.5474860e-01  7.2139317e-02
   298 : -3.7429269e-04  7.8401677e-04 -1.7730105e-04
   299 : -1.1027898e-02 -7.6309999e-03 -4.6169247e-03
   300 : -6.7362608e-05  1.4950353e-03  7.8801874e-04
   301 :  8.8221194e-02  1.7526780e-01  4.1519307e-02
   302 : -1.9949438e-01 -1.1486985e-01 -2.2540201e-01
   303 :  8.4174510e-04  1.4944160e-03 -7.2893039e-04
   304 : -5.5046576e-02 -2.1600721e-01  3.0043050e-02
   305 : -3.7857127e-06 -2.8137342e-06  1.0983217e-06
   306 :  8.1633537e-06  1.6033082e-06  7.5902207e-07
   307 : -6.8713557e-06 -1.6598547e-03 -4.3058939e-03
   308 :  1.4871717e-01  7.3859511e-02  1.5048451e-01
   309 : -1.1805758e-01 -1.2509070e-01  2.5499618e-02
   310 : -2.6859051e-02  1.6106367e-02 -1.6896599e-03
   311 :  1.2175675e-03  1.3515882e-04  6.1455274e-04
   312 :  9.3171582e-03  7.3408174e-02  6.2041821e-04
   313 : -5.6459094e-05 -2.3688177e-04 -9.1083512e-05
   314 : -1.2785498e-01 -8.4984227e-02 -7.9652168e-02
   315 : -7.1986839e-03 -1.5287535e-02 -4.6868415e-03
   316 : -1.8230794e-04  5.1630208e-04  1.2126019e-04
   317 :  1.3329216e-03 -6.2174359e-04  1.5876537e-03
   318 : -6.6485137e-02 -8.4587761e-02 -3.3001755e-02
   319 :  8.3546493e-02  3.0589128e-02  1.2242748e-01
   320 :  1.5160510e-01  8.4687275e-02  3.4295675e-02
   321 : -1.4460331e-02 -3.9400637e-04 -4.0804519e-03
   322 :  2.2657302e+00 -4.8209678e+00  2.2170992e+00
   323 : -2.5658597e-02 -2.6670581e-02 -1.3210358e-02
   324 : -1.2818350e-01  2.5616175e-02 -9.3400931e-02
   325 : -4.1936476e-07 -1.6958439e-07  5.2778622e-07
   326 : -6.0206048e-03 -6.6500480e-03  1.7532601e-02
   327 :  9.2528120e-02  7.6321100e-02  4.0908547e-02
   328 : -2.3471720e-07  5.9722045e-07 -2.0354409e-07
   329 :  1.1345622e+00 -6.2591624e-01 -5.8158448e-01
   330 :  1.5938711e-01  9.3747546e-02  5.0149227e-02
   331 :  5.0929143e-04  7.4490282e-03  2.7232364e-02
   332 :  4.9953050e-05  9.6121578e-04  3.7816124e-04
   333 :  5.8238610e-02  1.7637309e-01  7.2369136e-02
   334 : -1.4234200e-03 -2.2871795e-03 -5.4010222e-03
   335 :  8.2114501e-05 -7.4682933e-05  4.4591853e-05
   336 : -5.9364820e-03  2.3027499e-03  5.2305149e-04
   337 :  3.3658380e-03 -8.6087556e-04 -1.4679280e-03
   338 : -2.3609256e-03 -7.2354166e-03  3.1139972e-04
   339 :  6.4101779e-02  6.8721964e-02  7.6099118e-02
   340 : -4.0601961e-07  7.6834577e-07  2.3556890e-07
   341 : -8.2841052e-05  1.5656446e-03  2.2885248e-03
   342 : -6.3449670e-05 -1.4040987e-05 -1.7954857e-04
   343 : -2.6424018e-03 -6.3742241e-03 -3.1448586e-04
   344 : -7.5221780e-04 -3.3495095e-03 -3.7037108e-03
   345 :  6.9770867e-02  1.2954605e-01  5.3838326e-02
   346 : -2.3762995e-03  8.6065273e-02  2.5514203e-02
   347 :  1.1309538e-03 -3.4318428e-03 -1.8043341e-03
   348 :  9.4246843e-08  4.9502507e-08 -1.4841956e-07
   349 :  1.0410290e-01  1.1920798e-02  7.4859922e-03
   350 : -2.2101514e-02  4.1185494e-03  1.0374596e-02
   351 :  6.8452753e-02  8.9707676e-02  3.3836489e-02
   352 : -2.0749168e-04  1.4211804e-03  1.9435242e-03
   353 :  8.1746053e-02  1.0853181e-01  5.3202420e-02
   354 :  8.3548599e-05  2.4944421e-05 -2.5702800e-04
   355 :  1.4668416e-03  4.1199459e-04  7.4785547e-04
   356 :  3.7767167e-05 -5.6385665e-04  3.4530265e-05
   357 :  2.3501329e-07  8.1205531e-06 -2.6806355e-06
   358 :  8.8181530e-03 -3.0178933e-03 -2.8079748e-02
   359 :  1.0644152e-04  4.7942502e-05  4.0721451e-05
   360 :  2.7224158e-03 -1.4764219e-02  8.5941006e-03
   361 :  1.9552178e-03  4.5755635e-04  7.7670428e-02
   362 : -1.0039513e-04 -1.8429549e-04  1.5083095e-04
   363 : -6.0901582e-03 -4.0023515e-03 -1.2656481e-02
   364 :  2.6345079e-04  3.6268419e-04 -2.2835499e-04
   365 :  1.3894259e-02  1.5707117e-01  1.0818578e-01
   366 : -2.2358981e-01 -2.0343005e-01 -2.4096200e-01
   367 : -6.4868816e-02 -2.7801847e-02 -9.9142492e-02
   368 :  1.1699999e-01  6.0779068e-02  1.6539756e-01
   369 :  3.6004108e-03  5.4245886e-02  7.7295796e-02
   370 : -3.7653196e-08  1.1457223e-07 -2.6742926e-07
   371 :  1.9643533e-02 -7.9925419e-02  5.3957920e-03
   372 :  5.5055855e-10 -1.8920036e-09 -1.5479340e-09
   373 :  7.6892997e-05  5.6687614e-05  1.3714692e-04
   374 : -1.4187177e-06  2.6659271e-06  3.7350350e-06
   375 :  1.7811096e-03 -3.5029743e-03  1.1195624e-03
   376 : -4.2977168e-03 -4.9266915e-03  2.6424177e-04
   377 :  3.0531426e-04  6.0254088e-04  4.6017835e-05
   378 :  5.1059085e-06 -8.9430291e-06 -3.5527612e-06
   379 :  1.3226816e-01  1.2689895e-01  5.5096151e-02
   380 : -9.3197587e-04 -2.4341619e-03 -4.5876790e-03
   381 : -2.7114085e-04 -1.3776149e-04  1.7878407e-04
   382 : -7.2261888e-06  1.3066894e-05  5.5603912e-07
   383 :  1.0078281e-09 -1.3976569e-10 -3.7278114e-10
   384 : -8.0490923e-05 -4.6589261e-05 -6.0698057e-06
   385 : -2.3020334e-02 -2.6949816e-02  5.6937010e-02
   386 : -1.3175827e-04  2.2251825e-05 -5.5384618e-04
   387 :  2.8318006e-05 -8.1378256e-05 -1.3576405e-05
   388 : -6.8593962e-03 -1.5874255e-03  4.3117102e-04
   389 : -4.5056965e-04 -1.4221978e-04  9.9217681e-04
   390 : -5.4119644e-04  2.1435445e-06 -4.2247584e-04
   391 :  7.5715044e-02  9.5038446e-03  4.5290596e-02
   392 : -7.2135989e-06 -1.6138554e-04 -4.9926621e-05
   393 :  8.5082807e-04 -3.7815110e-04  1.0985010e-03
   394 :  7.5393573e-04  3.6382789e-04 -2.4765128e-04
   395 : -3.6809523e-03 -6.0155297e-03 -2.3734914e-03
   396 :  2.7747897e-02  1.1545632e-01  3.6966792e-03
   397 :  1.2749530e-01  7.5818288e-02  6.5725358e-02
   398 : -4.0445867e-08  1.6252193e-07  1.3784720e-08
   399 :  2.1833497e-04 -4.3297716e-05 -2.9084984e-04
   400 : -1.3951218e-04  2.0662683e-04  4.9818032e-05
   401 :  6.6736132e-02  1.1913945e-01  2.9846879e-02
   402 :  1.7090117e-01  1.0252151e-01  9.2932680e-02
   403 : -4.0010936e-03 -7.8584896e-03 -1.3387180e-02
   404 :  1.4681795e-04 -4.5215299e-05 -5.3620469e-04
   405 :  1.7575592e-03 -7.6299675e-04  1.6342266e-03
   406 :  4.6159706e-02  1.0258394e-01  4.7740410e-02
   407 : -3.3168987e-05 -1.0193349e-04 -1.2637635e-04
   408 :  8.3710390e-05 -1.6136057e-05  9.1436950e-05
   409 :  1.7973087e-03 -2.8353093e-04  8.0460704e-04
   410 : -3.0823229e-04 -2.9105332e-05  2.2868164e-04
   411 :  1.8224727e-03  2.4816096e-03  5.0169488e-04
   412 : -1.3936884e-03 -3.3741487e-04 -3.3349601e-03
   413 :  2.8718019e-04  2.0582378e-03  3.8352578e-05
   414 :  5.6768859e-04  3.9582792e-04 -3.2719034e-04
   415 : -1.1720591e-04 -4.0124663e-05  4.0395010e-04
   416 :  8.0215416e-05 -5.4086269e-05 -3.4797563e-05
   417 :  1.6021761e-02  5.5025991e-02  7.9786526e-03
   418 :  4.6061105e-01 -6.1320395e-01  8.1062001e-01
   419 :  8.4585058e-02  6.9478625e-02  5.8935819e-02
   420 :  3.0066691e-01  2.9023342e-01  1.6364921e-01
   421 :  5.2053520e-03 -6.0153608e-03  3.7114283e-03
   422 : -1.7252613e-08 -1.4775019e-07  3.6858750e-09
   423 : -2.6001162e-03  7.4659709e-04  1.3897263e-03
   424 :  1.7060223e-02  2.2832267e-02  7.4362342e-03
   425 :  5.7683039e-06 -1.4598733e-06 -3.2231699e-06
   426 : -4.1560202e-03 -5.2424821e-03 -3.3247488e-03
   427 :  1.3244472e-02  6.5641772e-02  1.6131808e-02
   428 : -5.8471228e-05 -9.0539569e-06 -1.4532780e-04
   429 : -3.6106529e-04  2.4529893e-04  1.2597998e-04
   430 :  5.7288863e-03  3.5213909e-02  1.1199459e-02
   431 :  1.7024129e-01  1.3313579e-01 -7.7301504e-03
   432 :  1.0045352e-01  8.7095065e-02  5.1818817e-03
   433 :  9.5165248e-05  2.4700298e-04 -1.0033486e-04
   434 : -1.4646200e-05 -6.4613742e-05 -9.1027078e-05
   435 :  5.1037575e-02 -2.4293065e-03 -1.3982354e-02
   436 : -7.0816148e-02 -7.1280278e-02 -4.7345054e-02
   437 :  4.0010303e-04 -3.4376601e-04  5.3880941e-04
   438 : -2.2394602e-01 -1.7230329e-01 -1.2746218e-01
   439 : -4.6376761e-02 -8.1927157e-02 -8.5056623e-02
   440 :  3.9439149e-04 -7.7643777e-04 -7.0174400e-04
   441 : -2.3627533e-05 -6.7942309e-06  1.0559564e-05
   442 : -1.3459884e-01 -6.1755105e-02 -1.3108661e-01
   443 :  2.4503693e-05 -9.5915001e-06  2.0515816e-05
   444 :  7.4135252e-04  6.2478908e-04  2.7802737e-04
   445 : -8.0089182e-08  3.7766240e-08  3.2715904e-08
   446 :  7.8241204e-01 -1.0357116e-01  3.8738753e-02
   447 :  1.2483590e-03 -2.3170645e-04 -8.0593499e-04
   448 : -2.4415273e-05  7.3991498e-05 -2.1416817e-05
   449 :  1.7532872e-01  1.3761477e-01  4.0344086e-02
   450 :  1.4918840e-02 -1.4853415e-04 -8.7803470e-03
   451 : -7.9926252e-02 -8.4478800e-02 -5.9579067e-02
   452 : -1.2499546e-03  5.6754843e-04  5.4631125e-04
   453 : -1.5892258e-04  4.8388494e-05  3.6956226e-04
   454 :  2.1526307e-01  9.4273106e-02  1.8610263e-01
   455 :  8.0502649e-02  7.3371654e-02  7.5734496e-02
   456 :  5.6138800e-04  5.4929131e-04  1.0089784e-04
   457 : -2.3035225e-05  6.4304098e-04 -2.1845918e-04
   458 : -9.8767326e-02 -6.5566431e-02 -5.2266198e-02
   459 : -8.1232780e-04  6.3252315e-02  4.7223721e-02
   460 : -1.7128530e-08  2.0281866e-08  4.0534544e-08
   461 :  1.5267265e-03  1.3163707e-03 -2.4708535e-04
   462 : -4.0135055e-03 -8.1920247e-03 -1.4042904e-03
   463 :  1.5099026e-03 -1.6292535e-03  2.6911271e-03
   464 :  3.3126357e-07 -6.9256972e-07  4.1336920e-08
   465 : -9.5594832e-03 -2.3993726e-02 -1.2492985e-02
   466 : -2.4793742e-04 -1.0511881e-05 -1.1881220e-04
   467 :  5.9415975e-04 -3.3844636e-04 -5.0669735e-04
   468 :  2.7276932e-02  5.6013660e-02  4.2218206e-02
   469 : -4.8968824e-02 -5.6551885e-02 -7.2465754e-02
   470 : -2.2415342e-05  1.0139723e-05 -1.1600677e-05
   471 :  8.2698502e-02  1.7438339e-01  3.8491050e-02
   472 : -3.8631910e-02 -1.0103111e-01 -9.0443184e-02
   473 :  5.1879075e-07  1.1571628e-06 -1.2008222e-06
   474 :  1.1513904e-01  7.8576122e-02  7.2454922e-03
   475 : -2.5436924e-04 -4.6030206e-04  8.8008422e-04
   476 :  9.0274975e-02  4.3408116e-02  1.4625562e-02
   477 : -6.5841099e-08 -2.8691683e-07  3.0472782e-07
   478 :  9.7729874e-02  5.3919314e-02  1.4176607e-01
   479 : -2.0000066e-02  3.4210324e-02 -2.5977504e-02
   480 :  4.0632932e-02  1.6007567e-02  2.1350541e-02
   481 : -3.3425063e-02  2.0340264e-01 -8.2739345e-02
   482 :  8.8098499e-06 -9.3603091e-05  2.1590978e-04
   483 :  3.9378038e-02 -6.9483783e-03  2.5403199e-02
   484 :  3.2792117e-02  5.9543847e-02  1.1218389e-01
   485 : -1.7515181e-03  5.6640089e-03 -6.1503531e-03
   486 :  1.6749311e-01  1.5419724e-01  2.1438131e-01
   487 : -7.7037343e-03 -8.3473277e-03 -3.7592455e-03
   488 : -3.1987099e-06  2.0115205e-07  1.6882002e-06
   489 :  3.4835239e-03 -1.1647297e-02 -3.0140696e-03
   490 : -3.0976447e-09  3.9301040e-10  4.0478550e-09
   491 :  5.7159797e-02  8.2186424e-02  1.3194235e-01
   492 : -1.6599060e-03  2.2556363e-03 -1.9007303e-03
   493 :  2.3047182e-03 -1.3504260e-03  1.5592859e-03
   494 :  1.6068435e-03  2.7881143e-04 -1.5532575e-04
   495 :  6.2437354e-02  1.3042213e-01  2.4733196e-01
   496 :  2.6192478e-07  5.9533428e-05  6.2747075e-06
   497 : -3.2222242e-04  6.1681841e-04  5.7010355e-04
   498 :  1.5608822e-01  1.4129866e-01  6.2464916e-02
   499 : -2.1890646e-02 -3.6329312e-02 -4.0251512e-02
   500 :  6.3551754e-02  1.2557131e-01  1.7979458e-01
   501 : -4.0804553e-05 -1.9447196e-05  7.2229578e-05
   502 :  8.5641259e-02  1.3184897e-02  3.8062847e-02
   503 :  4.1993691e-02  1.1013102e-01  1.1852173e-01
   504 : -2.1243940e-04  2.8270105e-04 -4.2720745e-04
   505 : -1.6089565e-02 -2.4073328e-02 -4.0221365e-02
   506 : -5.6296231e-04 -4.7261817e-04  7.4882083e-04
   507 :  2.5177599e-01  1.6598818e-01  8.0581155e-02
   508 :  1.1488597e-04 -3.7758029e-04 -3.8470264e-04
   509 : -8.7012075e-06  1.2118550e-05  1.9007937e-05
   510 :  1.3579414e-01  1.6482235e-01  5.9115041e-02
   511 :  7.9354548e-02  5.1031482e-02  4.3349744e-02
   512 : -2.2497435e-07  1.0822716e-08  8.7120860e-07
   513 :  5.0665697e-05  1.1091002e-04 -5.9135409e-05
   514 :  1.1444761e-04  4.2812737e-04  4.7523289e-04
   515 :  7.3052664e-04  1.4928960e-04  6.0957554e-04
   516 :  2.0400444e-03  3.7280807e-02  1.5852129e-03
   517 : -6.9067465e-02 -5.0932177e-02 -3.1512522e-02
   518 :  1.8709670e-06  5.0196551e-06 -2.4797085e-06
   519 : -5.8439884e-02  2.4219691e-01  4.2990809e-03
   520 : -1.2063648e-06 -5.3119974e-06  2.9667598e-06
   521 :  7.3963582e-05 -1.3230602e-04  1.3456678e-04
   522 : -1.4190994e-03 -5.4229742e-03  4.0940433e-03
   523 : -1.6201921e-08 -1.9644505e-09  1.7473664e-08
   524 : -8.5921505e-03 -6.3185472e-02 -1.6942717e-02
   525 : -5.7630125e-04  8.8298877e-04 -8.4536671e-04
   526 : -4.3754710e-03  1.4136176e-03 -2.2233605e-03
   527 :  4.6320818e-05 -2.4587245e-05  5.4750656e-06
   528 :  9.8729774e-02  1.7957573e-01  1.0241097e-01
   529 :  1.6850616e-06 -1.3108102e-06 -7.3408963e-08
   530 : -7.0545818e-03 -6.9878844e-04 -7.2721182e-04
   531 : -2.1339211e-03 -7.7982285e-04  3.2782495e-03
   532 :  1.1298642e-03  7.3565816e-04  1.1530742e-04
   533 : -3.2188480e-07  7.9331443e-07  6.3804585e-08
   534 : -4.7567794e-03  1.9143747e-02  1.0950988e-03
   535 : -6.5807580e-03 -2.8673738e-03  2.4336295e-03
   536 :  9.8666964e-02  1.5336877e-01  1.4484854e-01
   537 :  6.8776906e-02  9.3453967e-02  1.9492909e-01
   538 :  2.7703950e-02  1.1275054e-01  1.1393886e-01
   539 : -1.0818082e-04  2.3738775e-05 -1.2243227e-05
   540 :  1.7200962e-01  6.6460770e-02  8.6695002e-02
   541 : -2.1727794e-05 -1.3809789e-05  4.2149690e-05
   542 :  1.4208100e-01  4.9106132e-02  7.5178466e-02
   543 : -3.4587174e-05  1.8938071e-05  1.4918777e-06
   544 :  9.2132452e-02  2.9265609e-01  9.7331596e-02
   545 : -4.2726716e-02 -1.6196492e-02 -1.5503283e-01
   546 : -2.8526416e-04  2.9499433e-04  2.7062509e-04
   547 :  5.4749619e-05  1.2554917e-03  1.5129643e-03
   548 : -4.7424419e-02 -4.6520519e-02 -5.3669972e-02
   549 : -9.4407508e-08 -1.7510135e-07 -4.5100647e-08
   550 : -1.4351425e-04 -1.9354569e-04  2.9042295e-05
   551 : -2.8413314e-04  1.8729730e-04 -6.2716892e-06
   552 :  3.9524067e-04 -3.1396632e-04  4.4802057e-04
   553 : -3.7754832e-02 -1.1042299e-01 -7.0004694e-02
   554 : -2.4925165e-03  1.6907048e-03  9.4658385e-04
   555 : -1.1022248e-03  8.7468669e-04  1.3275571e-03
   556 : -7.3814916e-02 -7.7780254e-02 -1.9542338e-02
   557 :  1.2100369e-01  8.7611967e-02  4.9575086e-02
   558 : -3.2862737e-02 -2.2935938e-02 -3.1836206e-02
   559 : -1.1336916e-03  3.5732565e-04 -1.2365240e-03
   560 : -3.7921704e-07  3.8807773e-06  3.8615465e-07
   561 :  6.8351944e-02  1.6621819e-01  2.0532246e-01
   562 :  1.6466172e-03  1.8139833e-03 -1.1164694e-04
   563 : -6.1875156e-05 -6.2918599e-05  5.2033454e-05
   564 :  1.7766263e-03 -7.4730653e-05  1.4611621e-03
   565 : -6.7721550e-02 -5.7189797e-02 -1.3010878e-01
   566 :  5.0462973e-04 -2.0031291e-03 -7.8373527e-04
   567 :  6.8554487e-04  3.9364289e-04 -3.6519078e-04
   568 : -2.3900454e-05 -1.7979960e-06 -3.1676598e-06
   569 : -4.5218995e-03  7.4993396e-02  1.5648701e-01
   570 :  6.8793788e-05 -3.6242959e-04  1.1349547e-03
   571 :  2.7659458e-02  1.0515086e-03  3.4985669e-02
   572 :  2.8506775e-08  1.3104949e-08 -1.2502439e-07
   573 :  4.9786239e-02  1.2775488e-01  2.0402894e-01
   574 :  6.4236231e-02  4.1154415e-02  1.1251762e-01
   575 :  7.8060931e-04  3.1852854e-04  4.5326738e-04
   576 :  6.7781349e-02  3.8131384e-02  5.2228257e-02
   577 :  6.1566742e-04  5.7523651e-05 -1.0267248e-04
   578 : -3.2504939e-05 -2.5767972e-05 -1.2101084e-05
   579 : -2.8209143e-02 -6.1846795e-02 -4.7092369e-02
   580 :  2.1083311e-02 -5.2108200e-03  1.9797842e-03
   581 :  3.4916277e-05  1.0724686e-04  4.4180730e-04
   582 :  3.7044554e-05 -9.2476418e-05  4.1447666e-05
   583 : -7.9362159e-06  4.9236817e-06 -3.6282827e-06
   584 :  5.4578607e-02  2.1622446e-01  1.2255621e-01
   585 : -6.8403328e-02 -1.1241028e-01 -3.2526568e-02
   586 :  6.2604739e-05  1.5548747e-04 -2.0606902e-04
   587 : -8.0171031e-02 -9.0452509e-02 -9.2256340e-02
   588 : -1.3957499e-04  1.5251258e-05 -4.6873459e-05
   589 :  4.5992973e-05  5.8529640e-04  4.6983527e-04
   590 : -2.8542637e-02 -7.6406659e-02 -5.5976381e-02
   591 : -6.3600718e-05 -8.0791514e-05  4.1650086e-05
   592 : -5.9480236e-02 -7.3523525e-02 -6.2035369e-02
   593 : -2.7094734e-02 -6.6817343e-02 -8.0025059e-02
   594 :  6.5885627e-02  8.0056470e-03 -2.4779646e-02
   595 : -2.3246987e-03 -3.4168134e-03 -5.7978776e-03
   596 : -1.8479613e-03  2.9312300e-03 -1.0539724e-03
   597 : -2.4708906e-02 -8.7269106e-02 -6.1154491e-02
   598 :  6.2730540e-06  4.8528652e-04  1.2199609e-04
   599 :  5.4270255e-05  4.4913953e-04  7.7045576e-04
   600 : -1.9819346e-03 -1.3760629e-03  3.3273756e-03
   601 : -8.1903425e-03 -9.4941381e-02 -7.8297375e-02
   602 :  9.3475989e-04  6.3597241e-04  1.7562351e-04
   603 :  8.2395427e-02  1.2496164e-01  1.7776194e-01
   604 :  3.0064905e-09 -5.8575672e-09 -4.5441157e-10
   605 : -2.8375878e-08  9.7294759e-09  1.1175627e-08
   606 :  3.1123136e-06 -2.7765368e-07 -2.8111506e-06
   607 : -1.9953550e-01 -7.2035373e-03  3.2829029e-01
   608 :  7.7626007e-05 -2.5428480e-05 -8.0600885e-05
   609 : -3.3715135e-06 -5.9573158e-06  1.7662484e-05
   610 :  1.2091251e-04 -2.0532479e-04 -2.5430481e-04
   611 : -8.8206287e-04  9.3820074e-04  1.2676618e-04
   612 :  3.5485448e-01 -2.8518189e-02  2.6116405e-01
   613 :  9.5885032e-02  1.9537660e-01  1.8395835e-01
   614 : -5.4284369e-07  2.3405545e-07  1.1245714e-06
   615 :  2.8545943e-07 -4.7385170e-06  3.6601038e-06
   616 :  9.3318491e-05  1.7296549e-04 -5.2225326e-04
   617 : -2.0258408e-09 -2.9997707e-09  1.9898598e-09
   618 :  6.8820842e-02  9.4003532e-02  1.1640709e-01
   619 : -6.7322237e-02 -4.7303900e-02 -2.5221876e-02
   620 : -6.1995009e-02 -9.1128013e-02 -3.0923044e-02
   621 : -1.5304768e-03 -3.5660188e-03  1.6925272e-03
   622 :  3.0077279e-04 -1.7562304e-04  2.1886792e-04
   623 : -1.5200436e-05  1.6826505e-04  5.1528936e-05
   624 : -2.6291772e-05  2.4334692e-05 -2.7627815e-05
   625 :  8.1627990e-02  2.1476834e-01  5.0427459e-02
   626 :  3.1193121e-05 -1.1006808e-04  6.0383148e-05
   627 :  4.5347242e-02  8.5546283e-02  1.3740358e-01
   628 :  5.6432085e-02  6.4934002e-02  1.5208065e-01
   629 :  1.1633202e-01  8.7013361e-02  1.4753620e-01
   630 :  2.1441999e-04 -1.1098247e-03 -6.8328396e-04
   631 :  6.7287651e-06 -3.0506264e-05 -7.6346516e-05
   632 :  9.1442097e-05  5.0454152e-04  5.2876937e-05
   633 : -9.2306911e-04 -8.9049432e-03 -3.5249896e-03
   634 : -4.9616355e-03 -2.7361923e-03 -9.1836334e-03
   635 : -6.8499968e-08 -2.4888187e-07 -6.0410091e-07
   636 : -1.8291520e-04 -3.9221294e-05 -5.5807469e-05
   637 : -1.8333629e-03 -2.2903077e-03 -1.3741791e-03
   638 : -2.3161287e-03 -6.2049412e-03  3.4449475e-04
   639 : -4.6048999e-04 -1.6847346e-03  2.9855249e-04
   640 :  3.2391787e-04  1.3531333e-04  4.9037434e-05
   641 :  1.4188178e-04 -2.5764920e-05 -7.2743781e-05
   642 : -5.8597181e-05  1.1064769e-04  9.6567339e-05
   643 :  8.1274216e-02  2.7392861e-02  2.3271853e-02
   644 :  9.9633995e-04  6.0429886e-03  1.7277069e-02
   645 : -1.3708231e-02  4.4009336e-03  4.8574745e-02
   646 :  6.7285187e-02  4.1107128e-03 -1.9212190e-02
   647 : -1.5143807e-03 -7.8449954e-03  3.7319419e-04
   648 :  8.2643876e-04  1.1645082e-03 -6.7940560e-04
   649 : -3.9476098e-07  3.0993505e-07 -4.9995695e-09
   650 : -1.9916559e-03  6.8905968e-04 -5.8637032e-03
   651 : -5.9549623e-03 -6.0231540e-03 -1.3006387e-03
   652 :  1.9526372e-08  8.2879994e-09 -4.8566936e-08
   653 : -2.9127565e-08  2.9515312e-08  9.0804928e-09
   654 :  4.0338388e-04  7.3067301e-05 -6.9305314e-05
   655 : -4.4954397e-05  9.6017166e-05  3.7735870e-04
   656 : -5.0335294e-07 -3.7691741e-07  1.3913115e-06
   657 :  1.5139811e-06  3.9034624e-06 -1.0172027e-06
