Number of elements 658
     0 : -1.6504813e-03  3.0296154e-03 -4.5275130e-03
     1 :  8.2228374e-04 -1.2617419e-03 -1.5901468e-03
     2 : -1.6534254e-03  1.0884217e-03  2.8238534e-03
     3 :  9.2183123e-11 -6.9203641e-11  1.3734249e-11
     4 :  1.6785180e-09 -2.2733633e-09 -9.9660693e-09
     5 :  3.1401814e-08 -2.7679324e-08  2.7583806e-08
     6 :  8.1819861e-06 -2.2789259e-06  7.1243210e-06
     7 :  1.1339380e-02  2.1637602e-01  1.3261067e-01
     8 :  4.5633084e-02  1.7680557e-01  4.8210215e-02
     9 :  8.5895580e-09  8.3459085e-09 -3.0297606e-08
    10 :  4.1265035e-07  1.1972699e-07 -9.9756985e-08
    11 :  5.0284050e-09 -5.9164377e-09 -4.4084752e-09
    12 : -2.1982513e-01 -1.4898870e-01 -1.9849418e-01
    13 :  3.9196953e-05  1.6128439e-05 -1.9025557e-05
    14 :  4.5840372e-04  6.1236884e-04  2.2823958e-04
    15 : -1.9370125e-02  1.1188289e-01  7.7063446e-02
    16 :  7.9391759e-03  1.8146130e-02 -3.4528847e-02
    17 :  1.1617264e-11  4.0480543e-11 -2.2086020e-11
    18 : -7.3095280e-06  5.2497249e-06 -2.6689096e-05
    19 :  6.5843009e-07 -2.2071595e-05 -3.4262363e-06
    20 :  7.5852290e-09 -6.2923382e-08 -2.9169718e-08
    21 :  6.9506369e-02  2.0085659e-01  6.7876412e-02
    22 :  3.3720094e-05  2.6926022e-06  2.7094315e-06
    23 :  6.1002111e-02  3.6334789e-02 -1.2373947e-01
    24 :  9.1464834e-02 -8.1261759e-02 -1.1267962e-01
    25 :  7.5266308e-02 -6.1538641e-02  1.9378185e-02
    26 : -2.3859011e-02  2.0854222e-01  1.1660608e-01
    27 :  6.0334608e-09 -5.7522694e-09 -2.4498733e-09
    28 : -2.8568148e-04 -5.8365541e-05  8.1706483e-05
    29 : -4.2931104e-02 -5.4407562e-01 -2.8123542e-01
    30 : -9.4450835e-10 -9.6897193e-10  6.3784267e-09
    31 :  3.0561973e+00 -3.6867974e+00  1.9089841e+00
    32 :  2.7004534e-02 -5.7863128e-02 -2.8480152e-02
    33 : -1.2038639e-02 -6.4593892e-04  8.7573593e-04
    34 :  3.3223221e-06  4.0413251e-06  8.5107047e-07
    35 : -2.1616519e-10  1.3139990e-12  1.2516723e-10
    36 : -6.5352367e-02 -1.7067554e-02  2.0800440e-02
    37 : -1.1548623e-02 -2.3366967e-03 -1.4317342e-02
    38 :  4.8391226e-01  4.7624967e-02  6.9715477e-01
    39 :  3.6465014e-03 -8.4689057e-03 -1.2395399e-02
    40 : -1.7374409e-05  2.4755389e-05 -9.8336222e-06
    41 :  1.8394262e-01  3.2898744e-02  4.0399485e-02
    42 :  4.4139454e-09 -2.8300018e-08  4.2721501e-09
    43 :  2.8414573e-01  1.3913309e-01  1.5461841e-01
    44 : -4.7433950e-01 -6.5781193e-01 -8.3402057e-02
    45 :  4.0820725e-02  1.8251870e-01  4.4196312e-02
    46 :  2.2250445e-03 -4.3793832e-04  1.8624705e-03
    47 :  9.3730787e-11 -4.3855646e-11  5.0594842e-11
    48 : -4.4026013e-04 -2.1255436e-04  5.8576863e-04
    49 : -3.6477664e-01 -2.7984498e-01 -1.9388957e-01
    50 : -3.0550192e-03  1.0583522e-03  6.4828410e-04
    51 :  2.5705717e-01  2.9477180e-01  1.8176122e-01
    52 :  2.1769270e+00 -2.6443568e+00  2.2926256e+00
    53 :  1.1203608e-03 -4.0904460e-04  1.7820152e-03
    54 : -1.3736532e-01 -2.4505480e-01 -2.0172596e-01
    55 : -5.0955385e-02 -2.6520615e-01 -1.9415727e-01
    56 :  1.0982106e-01 -3.0704810e-02  2.2837696e-02
    57 :  1.7084802e+00 -7.3517979e-01  1.0508583e+00
    58 :  4.5566466e-12  7.7096712e-13 -6.9589751e-12
    59 :  2.9771590e-01  1.3720715e-01  1.6693775e-01
    60 :  2.2979617e-01  1.7646963e-01  2.4547191e-01
    61 :  2.0721201e-01  3.5313443e-02  9.4210154e-02
    62 : -3.4450344e-06  1.9070167e-06 -1.6083548e-06
    63 : -3.8692738e-02 -5.9617980e-02  6.5751538e-02
    64 :  2.7809129e-06 -2.7630869e-05  8.1592892e-07
    65 :  2.0317670e-01  1.4530279e-01  1.1871769e-01
    66 :  5.1302915e-07  7.2633951e-06  5.7878370e-06
    67 : -6.3354925e-02 -1.4265324e-01 -1.0001411e-01
    68 : -1.2011643e-01 -1.3652718e-01 -2.1805071e-01
    69 :  8.9932910e-02 -5.2107838e-03  2.5174603e-02
    70 : -3.9020895e-03 -1.5725598e-03  1.3209391e-03
    71 :  1.1188494e-01  1.9711040e-01  6.5069415e-02
    72 :  1.0523857e-01  1.3780595e-01  4.7091740e-02
    73 :  5.9074153e-02  8.5832388e-03  2.5643848e-03
    74 :  1.1881273e-09 -2.7772919e-09  3.3539956e-09
    75 :  7.6472988e-09  1.4286714e-08 -7.6131493e-09
    76 :  9.2293769e-02  9.5223251e-02  2.9995099e-02
    77 : -6.6985825e-07 -3.4310401e-06 -3.7615361e-06
    78 :  5.3762649e-05  8.6731719e-05 -2.6452420e-04
    79 :  2.0326376e-09 -2.9952135e-10 -7.6095291e-09
    80 : -6.1630081e-10  9.1345960e-10 -9.9738323e-11
    81 :  9.9433532e-05 -3.7748966e-05  1.2793426e-04
    82 : -6.9035787e-10  5.7189909e-10 -1.3280178e-09
    83 :  6.1195191e-06 -7.4217239e-06  9.8737765e-06
    84 :  1.3236683e-01  1.5557547e-01  9.0107272e-02
    85 : -8.6091188e-03 -1.0182950e-02  1.8966102e-02
    86 : -2.1695782e-08 -1.8562061e-08  8.8343091e-09
    87 : -9.0217502e-07  4.0072050e-06  9.8465424e-07
    88 : -2.1643878e-01 -1.8722682e-01 -1.3356797e-01
    89 :  1.0274549e-03 -1.7426971e-04  2.0764654e-04
    90 :  1.7494706e-01  1.1370699e-01  1.5287702e-01
    91 : -2.8037157e-01 -3.8360214e-01 -2.4353297e-01
    92 :  5.4191212e-04 -1.2551094e-04 -3.4027835e-04
    93 :  9.5344563e-03 -6.3008212e-03  5.7674471e-02
    94 : -8.9212798e-03 -2.4512290e-02 -2.1208116e-01
    95 :  1.3534419e-01  1.1763011e-01  1.4668062e-02
    96 : -2.9270659e-05  4.6742429e-05 -1.1762634e-04
    97 : -1.8765802e-01 -1.7415247e-01 -2.5651531e-01
    98 :  4.1100496e-01  2.5934720e-01 -8.4548706e-02
    99 : -5.4544294e-06 -1.7505049e-05 -3.2001847e-05
   100 :  3.0371417e-05 -2.8736755e-05 -1.7254495e-05
   101 : -6.2557865e-05  1.2115152e-03  1.3873211e-03
   102 : -1.6932043e-01 -9.3350300e-02 -1.8355766e-01
   103 :  1.8267358e+00 -2.4741916e+00  2.1002860e+00
   104 : -1.2973622e-03 -4.1770165e-03  4.9494584e-04
   105 :  2.0346546e-06 -3.1659540e-06 -1.4167594e-06
   106 :  5.7799881e-03 -1.3950236e-02  2.7934949e-03
   107 : -1.2812544e-06  3.6203229e-06  4.2468293e-06
   108 :  2.1304674e-08  6.5156066e-09  1.7874569e-08
   109 :  3.0228498e-05 -2.2406465e-05 -3.0569634e-05
   110 :  1.2281161e-01  1.7257735e-01  2.9712469e-02
   111 : -3.4159736e-05  1.2511431e-05 -9.6520251e-06
   112 : -4.7701239e-03  3.0558946e-03  5.0628465e-03
   113 :  1.4762526e-01  7.7790727e-02  2.0448589e-01
   114 : -8.7153435e-02 -1.3193333e-01 -2.7238089e-01
   115 :  4.6704294e-01  1.6871164e-01  1.1406852e-01
   116 :  4.5296210e-07 -2.7936246e-05 -2.3606881e-05
   117 : -3.4293114e-03 -1.6395907e-02  2.2179961e-03
   118 :  1.6161732e-01  9.7943792e-02  8.6103892e-02
   119 : -6.5490649e-04 -9.1073313e-06 -5.2435281e-04
   120 : -3.3270341e-01 -2.6574158e-01 -4.8120412e-01
   121 : -8.4213198e-08  4.4650802e-07 -6.9480544e-08
   122 : -4.9398302e-01  3.5361817e-01 -3.3472537e-01
   123 :  8.3473717e-03  5.4686160e-03  4.8859721e-03
   124 : -2.6422961e-02  2.2737242e-02 -3.7771354e-02
   125 :  1.2466191e-07  3.1824022e-07 -7.0057250e-08
   126 :  6.0068187e-05 -1.8056506e-04  6.4887355e-05
   127 : -8.5698368e-07  8.3659098e-08  7.6753250e-07
   128 : -5.9580551e-05 -1.0664501e-04  7.9750489e-05
   129 : -6.3205164e-02 -4.6021137e-02  6.3191918e-02
   130 :  1.3340697e-05 -1.6455161e-05 -1.0940588e-05
   131 :  3.5350345e-01  1.0125359e-01  2.8746440e-03
   132 :  7.7206737e-07 -3.0858015e-06  9.0283850e-07
   133 : -9.1475324e-08 -6.8860224e-08  2.6302562e-07
   134 : -1.3811102e-01 -7.3931851e-02 -2.1543063e-02
   135 :  6.0097896e-01  8.4075657e-01  4.3361425e-01
   136 :  3.7847752e-04 -2.1945779e-03  1.3514548e-03
   137 : -7.7276539e-11 -3.8213370e-11  1.2895262e-10
   138 : -7.4469870e-08  1.4036059e-07  1.3953038e-08
   139 :  4.5116651e-01  3.3424711e-01  2.9331903e-01
   140 : -5.1738708e-04  1.2624974e-03 -5.3421271e-04
   141 : -3.9389808e-06 -3.2778117e-05  4.1584071e-06
   142 : -6.2865206e-02 -7.0703162e-02  2.0458445e-02
   143 :  2.8710649e-05 -1.4789679e-05 -9.3827877e-07
   144 : -4.3703284e-04 -2.7031974e-05  2.6345637e-03
   145 :  5.7440202e-09 -7.2660183e-10  7.2433430e-09
   146 :  1.1078561e-01  3.3572053e-02  1.4994982e-01
   147 :  8.6478508e-02  7.8555366e-03 -3.4080388e-03
   148 : -2.0959485e-07  2.1818150e-07 -4.2098586e-07
   149 : -5.6721416e-03  1.2699986e-01  5.0352221e-02
   150 : -1.0758898e-05 -5.1621069e-06  7.7020538e-06
   151 : -1.4327248e-01 -9.3626309e-02 -1.0558594e-01
   152 : -2.2439886e-09  8.5904078e-10  4.6601480e-10
   153 :  1.5698947e-01  8.3649267e-02  5.3128371e-02
   154 :  1.0578311e-05  9.7985153e-06 -4.0988417e-05
   155 :  1.0227791e-03  1.2091245e-03  6.4620922e-05
   156 :  4.0021979e-06 -1.8055842e-07  7.2468146e-07
   157 :  1.5392179e-01  9.6132924e-02  7.3895812e-02
   158 : -1.8323235e-01 -1.9306222e-01 -2.6250458e-01
   159 : -1.8197154e-06  6.5323997e-05  8.0338963e-05
   160 :  1.2601197e-02 -9.1484021e-02 -1.9582864e-02
   161 : -4.9549016e-01 -7.7113126e-02  3.6104534e-01
   162 : -9.0956634e-02 -1.9966641e-01 -1.5447693e-01
   163 : -6.2690722e-02 -1.7175758e-01 -1.2609070e-01
   164 :  5.8315469e-01 -5.4801133e-01  1.7091668e+00
   165 :  5.8969248e-02 -8.5274955e-02  3.3668900e-02
   166 :  2.1536805e-01  1.0656330e-01  4.6229542e-02
   167 : -5.2862608e-07  1.2179399e-07  2.2549290e-07
   168 : -1.0987881e-02 -5.9289879e-03  5.0278303e-04
   169 : -9.7425832e-07 -2.2759260e-07  7.1135313e-07
   170 :  1.1926556e-03  1.7647931e-03 -5.7932673e-03
   171 : -4.9435481e-06 -1.3797889e-05 -6.2467962e-06
   172 :  1.8290676e-03  3.3255796e-04 -8.9154140e-03
   173 : -8.1450337e-02 -8.8662744e-02 -1.3103148e-01
   174 :  2.9344873e-06 -2.1786128e-05 -1.8639839e-05
   175 :  3.5927181e-06 -4.4328098e-04 -6.8062399e-04
   176 :  5.2998679e-05 -1.4266549e-04 -6.5409798e-04
   177 : -1.4790163e-01 -1.3974066e-01 -7.6724934e-02
   178 : -1.1466747e-01 -2.1344429e-01 -2.1993170e-01
   179 : -7.6801554e-02 -3.3332376e-02 -6.5534243e-02
   180 : -2.8536494e-01  5.8470424e-02 -1.5935758e-02
   181 : -1.3081483e-01 -9.0030294e-02  7.0570129e-04
   182 : -1.3736583e-01 -1.2128339e-01 -1.0233507e-01
   183 :  3.1263574e-06 -1.5326351e-06  2.4132556e-06
   184 :  1.0558123e-01 -8.7683388e-03 -2.0770339e-02
   185 :  1.8732148e-12 -5.9117297e-12  2.1852134e-12
   186 :  1.8135174e-04 -6.0297243e-05 -3.7359735e-04
   187 : -1.4266411e-01 -5.7966471e-02  6.6046937e-02
   188 :  1.3821457e-06 -9.2521839e-08 -2.9017881e-06
   189 : -1.9326189e-07  2.6598153e-07 -3.7571974e-07
   190 :  1.5436098e+00 -8.3911086e-01  5.1482146e-01
   191 : -1.0244612e-01 -7.6325058e-03 -3.2802670e-02
   192 : -1.5188630e-01 -2.3138407e-01 -1.4949751e-01
   193 : -4.0158184e-04  3.6703898e-05 -6.2361217e-04
   194 :  3.1109245e-06 -1.7367891e-05  2.1886171e-06
   195 :  4.3033657e-09 -4.3415404e-08  4.9406018e-09
   196 : -2.1447111e-05 -1.5271987e-05  2.0619013e-05
   197 :  5.2539550e-02  2.0677950e-01  1.0766304e-01
   198 : -3.7568244e-09  8.0607754e-09 -4.2517889e-08
   199 :  3.2670582e-06 -7.6240996e-06  2.2475070e-05
   200 : -1.1931304e-07  7.5454392e-09  5.1049002e-08
   201 :  6.1133242e-02  1.3271833e-03  1.1015043e-01
   202 :  7.5805460e-01 -2.2381797e-01 -2.1424897e-01
   203 : -2.3448736e-08  8.0334284e-08 -2.1377880e-08
   204 :  1.0445007e-01  5.8900801e-02  2.1898448e-01
   205 :  2.0139791e+00 -2.1452162e+00  2.3571924e+00
   206 :  1.0501521e-01  1.9334741e-02  7.7166922e-02
   207 : -8.4145284e-08 -2.7244185e-08  2.0326012e-07
   208 : -6.4052669e-02 -2.3729096e-02 -5.3960112e-02
   209 :  1.8241006e-08 -2.9387969e-08 -8.0270089e-09
   210 :  1.6573092e-01  5.2310583e-02  9.2422514e-03
   211 :  5.6299287e-02 -6.6692016e-03  7.5843712e-03
   212 : -2.2381381e-01 -1.0734777e-02 -4.3769486e-01
   213 : -3.1052791e-01 -1.7116349e-01 -3.2805728e-01
   214 : -4.4518222e-03 -2.7626424e-03 -9.1489041e-03
   215 : -9.1864651e-06  5.0805659e-06 -5.1162647e-06
   216 :  7.8787890e-02  4.1997237e-02 -6.4701370e-02
   217 : -2.7421246e-09  6.3483429e-09 -3.9423292e-09
   218 :  2.2694670e-01  6.7057748e-02  2.1663726e-01
   219 :  1.9990495e-01  3.4015534e-02  7.0579845e-03
   220 :  1.7688780e-06 -3.6396737e-05 -3.0056736e-05
   221 :  3.0895701e+00 -5.6858348e+00  2.4693313e+00
   222 :  6.0013706e-09 -1.0630099e-09 -1.0214925e-09
   223 : -6.1146548e-02  7.5780964e-02  5.1790985e-02
   224 : -7.8198905e-07  5.9356142e-05  3.2622647e-05
   225 : -2.2540479e-06 -6.7040061e-07  5.5650602e-07
   226 : -9.8314187e-06  1.1679481e-04 -2.9140202e-05
   227 :  2.7563867e-08  2.2421963e-08 -5.4358322e-09
   228 :  1.5262353e-10 -5.1693998e-11  5.8649566e-11
   229 : -1.8964103e-05  7.4000086e-05 -4.0548999e-05
   230 : -2.4282434e-07 -6.7824348e-07  2.0812000e-06
   231 :  1.3761784e-03 -4.3065553e-03  5.4508456e-03
   232 : -1.4372557e-07  3.2585209e-08 -3.0516618e-07
   233 :  7.4783139e-02  8.7985416e-02 -5.4646983e-02
   234 : -1.3423725e-05 -4.3293857e-06 -2.1229884e-05
   235 :  2.3302659e-06  4.3564934e-06 -1.8014935e-05
   236 : -1.0987827e-03  2.1302659e-03 -7.7251986e-03
   237 :  8.3358425e-01 -7.9182534e-01  2.9247453e+00
   238 :  4.3945337e-12 -5.0969156e-12 -7.3431083e-12
   239 : -6.8491640e-02 -3.8173668e-01 -5.4936760e-01
   240 : -3.3763172e-06 -9.7937892e-07  1.9683975e-06
   241 :  1.3223450e-01 -1.2307406e-02  4.5848049e-02
   242 : -1.1983336e-04  3.9709326e-04 -6.3748400e-05
   243 : -8.3348875e-02  1.8888596e-02 -1.4381394e-02
   244 :  1.0921064e+00  1.1668281e-01 -2.1837947e-01
   245 :  1.4747721e-05  9.8210172e-06 -1.0333731e-04
   246 :  8.6003111e-13 -2.0257649e-12 -3.2840326e-13
   247 :  2.5685483e-01  3.8403759e-02  9.8031332e-02
   248 : -1.4004342e-01 -7.9632593e-02 -1.9480469e-01
   249 : -5.9207411e-06  7.0013822e-06 -3.4778992e-05
   250 : -1.4537027e-01 -2.2063244e-01 -3.6477132e-01
   251 :  5.9138602e-05  2.2908749e-05 -1.0387530e-04
   252 :  4.0428907e-01 -6.2537756e-02 -1.3035304e-01
   253 : -3.6461891e-04  7.2118391e-05 -2.0688891e-04
   254 :  7.3475119e-01 -6.2899466e-02 -3.9977909e-02
   255 :  2.5372800e-01  1.4749281e-01  3.5824338e-02
   256 :  1.4666266e-02  9.0506339e-02 -1.7550317e-02
   257 :  1.6913700e-10 -1.2062070e-08  4.1624506e-09
   258 : -2.2723556e-07  3.6596240e-06  5.7768428e-06
   259 :  4.6934567e-12  1.1637235e-11 -3.6169140e-11
   260 : -8.1268160e-10  1.2959360e-09 -7.5963993e-10
   261 : -3.8680218e-01 -2.2891760e-01 -2.9905553e-01
   262 : -1.5038618e-02  1.0111939e-01  4.7414951e-02
   263 : -1.7734134e-05 -1.3640187e-05  3.4505731e-05
   264 : -4.1498644e-08  5.1970336e-08  6.8628307e-08
   265 : -1.4417342e-05 -2.0701009e-05 -1.1137321e-05
   266 : -4.3867394e-04  2.5002535e-03 -1.4733291e-05
   267 :  1.9588916e-01  4.5541358e-03  7.0111263e-02
   268 : -9.8300224e-02  1.0304125e-01 -5.2546971e-02
   269 :  3.3621003e-05 -4.9497681e-04 -2.3892932e-04
   270 : -3.0206304e-04 -2.9781086e-04  2.5287193e-03
   271 :  3.5253682e-04  9.3270298e-05 -2.6237910e-04
   272 :  8.3190584e-02  6.1187777e-02  7.8397458e-02
   273 : -2.5218222e-02  5.6801018e-02 -6.0776471e-02
   274 :  7.4353436e-02  1.2024393e-01  1.6630247e-01
   275 : -4.3985552e-07  3.4791220e-07  3.8796588e-07
   276 :  1.4308176e-04 -5.8630487e-04 -9.4873863e-04
   277 : -6.8742961e-08 -1.5171661e-06 -1.7177032e-06
   278 : -1.3372682e-02  1.9928468e-02 -1.1040200e-02
   279 : -1.7273595e-03 -2.9436256e-03  2.5668635e-04
   280 :  1.5412806e-05  2.9512755e-04 -7.1885737e-06
   281 :  1.5975093e-02 -4.0700495e-03 -8.6395757e-03
   282 :  3.5690861e-10 -8.7498396e-10 -1.5953703e-09
   283 :  3.6505813e-02 -2.2762825e-02  1.8577061e-02
   284 :  4.5419839e-04  2.6251331e-03 -8.6041236e-04
   285 : -3.4483633e-04 -7.8063508e-04  3.0116701e-04
   286 : -1.7904571e-02 -9.9433680e-03  2.5515452e-03
   287 :  3.0187657e-01  1.1072317e-01  1.3559496e-01
   288 : -2.7937204e-09  6.5233590e-09  1.6758262e-09
   289 :  6.8800640e-06  2.0741575e-06 -1.9173877e-05
   290 :  4.5540010e-06 -1.7204271e-05 -3.4817161e-05
   291 : -1.5522275e-02 -4.3415656e-03 -1.0874015e-02
   292 :  9.9155299e-09 -3.2430045e-09  5.6166945e-09
   293 :  2.9304230e-07 -5.3673793e-07  3.7844550e-07
   294 :  4.9673353e-05 -6.2614107e-05 -9.8125502e-05
   295 : -2.1957433e-01 -3.1916989e-01 -3.4962542e-01
   296 : -1.0782961e-02 -1.4611575e-02 -4.7217251e-03
   297 :  2.1902655e-01  1.6800833e-01  1.0181447e-01
   298 : -1.4962520e-05  1.1912822e-04 -2.7359358e-06
   299 :  3.0285413e-03  2.6842386e-03  3.0690989e-04
   300 : -1.0765871e-04 -2.1788678e-04 -3.9458910e-05
   301 :  9.4750035e-03  1.0078468e-01 -1.3564058e-02
   302 : -8.6200498e-02  1.3027593e-01 -1.3800306e-01
   303 :  4.9967540e-05  3.5767134e-05 -7.1007264e-04
   304 :  5.5667544e-02 -6.3043683e-02  1.4037350e-01
   305 : -2.6530727e-08 -5.8678794e-08 -1.4954321e-09
   306 : -3.5915068e-08  5.7563017e-08  7.0915894e-08
   307 : -3.0846967e-03  4.6148061e-04  4.7710769e-04
   308 :  2.0580209e-01  1.4432283e-01  2.2006695e-01
   309 : -7.3236047e-02 -3.5078172e-02  8.7599664e-02
   310 :  1.8145401e-01  8.5592660e-02  1.7465410e-01
   311 : -2.7457330e-04  1.0178065e-05 -9.4690939e-05
   312 : -3.9553550e-03 -3.9577851e-03 -2.0623920e-03
   313 : -1.4702461e-05 -3.1330830e-05 -1.1242307e-05
   314 : -1.8635001e-01 -2.0146107e-01 -1.0601118e-01
   315 :  4.3846783e-04  2.8363372e-03  9.7791120e-04
   316 :  2.7777077e-05 -5.3936324e-05  3.2232127e-05
   317 :  1.2017392e-04  2.4637220e-05  9.3550080e-06
   318 :  4.5037419e-04 -1.7558172e-02  7.8353559e-02
   319 :  8.1981816e-03 -1.1516826e-02  5.4071653e-02
   320 :  8.6561149e-02  6.1719270e-02  8.5510022e-04
   321 :  2.4915546e-03 -3.7665458e-03  1.5987204e-03
   322 :  2.9274414e+00 -5.0039598e+00  2.6287318e+00
   323 :  1.1282969e-01  1.2120273e-01  6.0651418e-02
   324 : -1.2343517e-01 -8.0756455e-03 -1.2347780e-01
   325 : -6.6264115e-09 -3.8167493e-09  1.0617764e-08
   326 :  2.4287512e-03  2.1871558e-03 -3.4533541e-03
   327 :  1.7066706e-01  1.2919608e-01  9.6169351e-02
   328 : -3.4251326e-09  1.0997172e-08 -3.7098619e-09
   329 :  5.1728151e-01  6.2202189e-01  5.9862298e-01
   330 :  1.1882680e-01  3.1813533e-02 -1.0667368e-02
   331 :  1.8318679e-01  1.1697510e-01  9.1166486e-02
   332 :  4.3849023e-05 -1.2684422e-04  3.8819936e-05
   333 :  5.4658702e-02  2.3565500e-01  1.3746530e-01
   334 :  5.9491361e-04 -1.3128365e-03  3.8914675e-04
   335 :  3.7965242e-05  6.9244240e-06  1.9512420e-05
   336 :  7.2502594e-04 -4.1023126e-04 -1.8520484e-04
   337 : -1.9050365e-04  1.8847320e-04  1.4821595e-04
   338 :  6.0463055e-04  1.4224257e-03 -8.8992512e-05
   339 :  7.5194306e-02  2.3750648e-01  1.0441545e-01
   340 : -5.2058335e-09  1.0697967e-08  6.7665958e-09
   341 :  6.6092684e-05  8.8959527e-05 -2.3944009e-04
   342 : -4.9570038e-06  6.5367726e-05  7.5866037e-07
   343 :  7.8133318e-04  8.8971265e-04  2.6221480e-04
   344 : -3.7059041e-04  1.8511633e-03  1.0722371e-03
   345 :  5.8610900e-02  1.7011106e-01  5.3119426e-02
   346 : -8.4706093e-04 -2.6298288e-04 -3.5205678e-03
   347 : -1.5446474e-04  8.3167653e-04  5.8932361e-04
   348 : -2.8617812e-10  3.2847057e-09 -2.9865075e-10
   349 :  1.2126812e-02 -4.0856586e-03 -2.3526118e-03
   350 :  3.6478060e-03 -5.7499918e-05 -1.7878722e-03
   351 :  1.5836402e-01  1.6500454e-01  3.3335572e-02
   352 :  9.3613590e-05 -7.5734899e-05 -4.5271284e-05
   353 :  1.2564186e-01  1.8881110e-01  1.5098692e-02
   354 :  3.9262486e-06 -5.6363400e-06 -1.9534802e-05
   355 : -2.8956579e-04  5.0186728e-05 -1.8555778e-04
   356 : -1.3751383e-05 -4.0607259e-05  6.5458227e-05
   357 : -3.4631537e-06  2.0634375e-06  6.0833877e-07
   358 : -1.4806585e-03  1.1579591e-04  3.9602155e-03
   359 :  6.3089867e-06  8.0382696e-06 -2.1247144e-06
   360 : -6.5752435e-04  4.1851819e-04 -2.0589418e-04
   361 : -1.1811259e-03 -9.5600950e-04  3.4332040e-04
   362 : -8.3858045e-06  1.7521455e-05  2.3598073e-05
   363 :  2.5728610e-05  1.9438402e-03  3.1072989e-03
   364 : -8.2140513e-05 -9.8689019e-05  9.7989305e-05
   365 : -5.0422729e-03  5.0170083e-03 -4.4414257e-03
   366 :  4.2543998e-02  1.6315289e-01 -6.7417367e-02
   367 :  3.4064035e-02  5.2422799e-02 -7.3734712e-02
   368 : -3.3859853e-03 -1.3502814e-02  9.8841140e-02
   369 :  3.5645912e-01  1.1605149e-01  4.5367591e-02
   370 : -9.4138725e-10  1.6366579e-09 -2.5056412e-09
   371 :  1.6836842e-01  1.3496943e-01  4.0154929e-02
   372 : -4.2439479e-12 -1.1926640e-11  1.6649120e-11
   373 :  3.1484430e-06  2.7772744e-06  1.5387527e-06
   374 : -2.4173866e-07  1.4872315e-07 -3.0564265e-07
   375 :  7.8176855e-05 -2.2856026e-04 -3.1480213e-04
   376 :  3.9084443e-04  1.7098001e-04  1.2403411e-04
   377 : -2.8225238e-05 -1.2769834e-04  9.6069984e-06
   378 : -5.7952895e-08  1.7028847e-07 -1.6631275e-07
   379 :  1.7002144e-01  1.2437415e-01  3.1963567e-02
   380 :  1.7126715e-04  5.6248144e-04  2.1396205e-04
   381 :  1.1281537e-05 -2.5203426e-05 -7.2602438e-08
   382 : -4.0328585e-07  1.0020628e-06  2.9705937e-07
   383 :  1.7562001e-12  1.8383786e-12 -4.7444548e-12
   384 : -8.2640780e-06  2.2296955e-05 -5.6855230e-06
   385 :  1.7450123e-01  8.3747315e-02  7.6476899e-02
   386 : -8.6505956e-06  8.7412688e-05  2.8367907e-05
   387 :  6.7821747e-07 -2.0383252e-06 -1.6808980e-07
   388 :  1.3299192e-03 -3.8612112e-04 -2.6692219e-04
   389 : -1.6148936e-05  6.2069571e-05  1.2019893e-04
   390 :  1.3959068e-05 -1.1187961e-05 -2.5588148e-05
   391 :  1.3646177e-01  1.4959598e-01  5.3135619e-02
   392 :  5.6556313e-05 -1.7040686e-05  2.2369098e-05
   393 :  1.3797051e-05 -2.0426177e-04 -1.6171791e-04
   394 : -9.7795227e-05 -1.6985016e-05  3.9048654e-05
   395 :  8.2598024e-06  6.8259609e-04 -4.8882071e-04
   396 : -4.2602459e-03 -9.9280963e-03 -3.1784788e-03
   397 :  1.7648391e-01  6.1113963e-02  1.9625003e-02
   398 :  6.8769724e-09  4.0793871e-09 -2.1012259e-08
   399 : -8.0196585e-06 -1.4821997e-05  3.6364852e-05
   400 :  2.0106448e-06  1.6266446e-05  1.9742575e-05
   401 :  9.1165074e-03  4.8689818e-02 -1.0905124e-02
   402 :  9.5511042e-02  2.6142866e-03  1.2927933e-02
   403 : -5.2596410e-04  2.8661358e-03  1.8128422e-03
   404 : -1.1841135e-05 -8.4570306e-06  1.0261171e-04
   405 :  2.3023577e-04  1.6645076e-06  6.9029704e-05
   406 :  1.7498872e-01  2.1263435e-01  1.0316848e-01
   407 :  3.1130163e-05 -1.9385671e-05 -2.3457015e-05
   408 : -4.0097806e-06  9.9554607e-06 -1.1530748e-06
   409 : -1.1626328e-04  7.3395934e-05 -2.7973702e-05
   410 :  2.0277669e-05 -1.8043704e-05 -1.7915631e-05
   411 : -3.0568196e-04 -3.1161249e-04  6.0523434e-05
   412 :  4.6577679e-04  1.2549443e-04  1.2542149e-05
   413 :  1.0804795e-04 -3.1469474e-04 -3.1545046e-04
   414 : -2.3060775e-04 -1.1091011e-04  1.2956972e-05
   415 :  2.5402324e-05  2.1559339e-05 -4.7348167e-05
   416 :  2.9797630e-06 -2.0561163e-06 -6.4760408e-07
   417 :  1.2225429e-01  1.3268534e-01  5.0890881e-02
   418 : -1.2259224e-01  1.1903776e-01  3.3314669e-01
   419 :  2.0008774e-01  1.0992021e-01  1.5332627e-01
   420 : -8.4486620e-03  2.6750245e-01  6.1534267e-02
   421 : -4.2298418e-03  7.8070636e-04 -3.3378008e-03
   422 :  1.5461324e-09 -1.8668822e-09 -3.1151825e-10
   423 : -1.1700458e-04 -9.9015646e-05 -2.7902029e-04
   424 :  1.0874415e-01  1.9197575e-01  6.0554465e-02
   425 :  1.3479962e-07 -2.7739221e-08 -7.4543741e-08
   426 :  6.5606821e-04  1.9454250e-03 -4.5041920e-04
   427 :  6.7749514e-02  2.1051782e-01  1.9173838e-01
   428 :  3.6423354e-06 -2.1353017e-06  1.3090585e-06
   429 :  1.3012416e-06  6.4385395e-06 -2.7248534e-06
   430 :  1.5357098e-01  9.5121080e-02  6.9144204e-02
   431 : -2.7956068e-02 -2.2808914e-02  5.5209983e-03
   432 :  1.6301028e-02  3.4836509e-03 -6.2079230e-03
   433 :  1.9034200e-05 -1.7937294e-05  1.2022211e-05
   434 :  4.0485021e-05  8.2733566e-06 -1.9487888e-05
   435 : -3.7592760e-03 -1.1579114e-03  1.4584123e-03
   436 : -1.0313903e-01 -8.7369788e-02 -8.7162912e-02
   437 : -2.6492425e-04 -5.9283658e-05 -1.8981699e-04
   438 : -2.8474036e-01 -4.3118945e-01 -4.4471087e-01
   439 :  9.0546274e-03 -7.8589590e-02 -6.1802540e-02
   440 : -1.8273959e-04  1.4095220e-04  6.0390293e-05
   441 : -8.0640288e-07 -2.4789594e-07  3.8634780e-07
   442 : -3.9865299e-01 -3.2729574e-01 -2.9904233e-01
   443 : -4.6106593e-06  1.6562245e-06  4.2106851e-06
   444 : -8.6732242e-05 -1.1385429e-04 -4.6488882e-05
   445 : -1.4425128e-09  2.3645759e-09  2.4541075e-09
   446 :  3.7701804e-01  2.1176621e-01  8.8908687e-02
   447 :  1.8696044e-04  3.5919526e-05 -4.6228071e-06
   448 : -9.5507238e-07  3.7130725e-06 -9.0533693e-07
   449 :  5.8687072e-02  4.9743698e-02 -8.9758556e-04
   450 : -3.1315490e-03 -1.2268829e-03  1.7310122e-03
   451 : -7.7762655e-02 -5.0923819e-02 -2.1669782e-02
   452 :  4.1195507e-04 -1.5479772e-04 -7.9215870e-05
   453 :  1.4033988e-05  4.7498230e-05  1.0289905e-05
   454 :  2.3224073e-01  1.4570379e-01  1.9593891e-01
   455 :  3.3976776e-01  1.3103917e-01  2.7013524e-01
   456 : -2.0944363e-04 -3.9936249e-05  1.2929541e-04
   457 :  1.4058612e-05 -7.7087122e-05  2.1695494e-05
   458 : -1.1095036e-01 -8.6081024e-02 -2.8405037e-02
   459 : -3.3222284e-03 -1.4987423e-03 -1.0050171e-02
   460 : -8.2912170e-11  8.6958947e-11  3.3591513e-10
   461 : -1.8385586e-04 -9.5319805e-05  9.5158864e-05
   462 :  6.9695482e-04  3.8409663e-04 -2.9838208e-03
   463 :  1.0309674e-04 -6.7817728e-04  3.8552468e-05
   464 : -2.0223177e-09  2.6811713e-09 -6.7528223e-09
   465 :  6.9827273e-02  3.2518277e-02  1.4839515e-01
   466 : -5.7819874e-06 -3.4372205e-05  7.5885782e-05
   467 :  1.1294362e-04 -1.9693136e-05  1.8961666e-06
   468 :  1.2719694e-01  2.1482881e-01  8.3211085e-02
   469 :  4.5843206e-02 -1.8033034e-02  2.4502310e-02
   470 : -7.5503690e-07  3.6792516e-07 -3.6415866e-07
   471 :  2.3683173e-02  8.1151649e-02  4.1899184e-04
   472 : -4.6366069e-02 -1.1148366e-01 -4.9987228e-02
   473 :  1.5364281e-08  5.6991009e-09 -4.2183444e-08
   474 : -5.0478233e-03 -1.3743365e-02 -2.8956361e-03
   475 :  5.1182996e-05 -2.1732099e-05  1.1182632e-04
   476 : -2.7114479e-03 -8.1032854e-03 -5.1217484e-03
   477 :  1.5543871e-09 -3.7046920e-08  5.5906508e-09
   478 :  7.9187187e-03 -2.0702962e-02  9.3409832e-02
   479 :  5.3286591e-02  9.9842191e-02  1.6218159e-01
   480 :  1.3663684e-01  2.7040061e-02  1.1240927e-01
   481 :  9.1960924e-03 -3.4856627e-02  1.3562828e-02
   482 :  3.3262760e-05  4.5836781e-06 -9.5611420e-06
   483 : -7.8165366e-03  2.4960924e-03 -5.7334175e-03
   484 :  9.9659049e-02  8.8624772e-02  2.7512751e-01
   485 :  2.5870859e-03 -9.6330711e-04  1.2269399e-04
   486 : -4.8103921e-02  1.6121601e-01  2.2202714e-01
   487 :  1.1827997e-03  7.7987543e-04  5.7409226e-04
   488 : -1.9926450e-07 -2.0664067e-08  6.1921103e-08
   489 : -2.3389934e-04  1.7020902e-03  3.8606992e-04
   490 : -2.3613174e-10  8.8729203e-11  6.5334133e-11
   491 :  1.1473203e-01  7.7450266e-02  1.9110655e-01
   492 :  5.7748707e-08  8.4013502e-05 -4.5395937e-05
   493 : -1.7669883e-04  3.4965438e-05  1.1637742e-04
   494 : -4.1191559e-04 -2.4745204e-05  3.0700994e-05
   495 : -2.2047667e-02 -1.9676387e-03  9.1529422e-02
   496 : -5.4778932e-06  4.3789963e-06  1.2859970e-06
   497 : -4.9545811e-05 -8.3241541e-05 -2.1892856e-04
   498 :  1.1184548e-01  1.0915639e-01 -3.4019269e-03
   499 :  1.6114513e-01  7.2556735e-03  6.1382130e-02
   500 : -2.0830287e-02  1.5814846e-01  1.3061114e-01
   501 : -1.7001155e-06 -8.0537809e-07  3.6848378e-06
   502 : -2.0503695e-03 -5.1335660e-03 -7.7767002e-03
   503 :  3.7049677e-03  8.2577218e-02  1.0741398e-01
   504 : -1.6206586e-05  4.5995098e-05 -2.3866266e-05
   505 :  1.4098703e-01  1.6051673e-02  7.0461825e-02
   506 : -2.3663083e-06 -6.0602931e-05  1.2936231e-04
   507 :  2.7247763e-01  2.2370412e-01  4.0907597e-02
   508 :  1.7668269e-06 -2.7242779e-05 -3.3262535e-05
   509 :  1.2267388e-07 -3.8935280e-07  8.2479087e-07
   510 :  6.6345880e-02  1.1502119e-01  4.7119130e-03
   511 :  1.4829918e-01  2.3589253e-01  6.3996144e-02
   512 : -2.7646912e-08  1.6008317e-09  3.2900185e-08
   513 :  5.4199772e-05  7.4350658e-05  4.1838910e-06
   514 :  3.3104772e-06 -9.9738568e-05 -9.1038603e-05
   515 :  6.9965072e-06 -4.0481386e-05  3.8742109e-05
   516 : -2.1157565e-03 -9.8022796e-03  4.9661311e-04
   517 : -1.5940912e-02  2.5937063e-02  1.5294451e-01
   518 : -5.3731333e-08 -8.8382111e-08  1.0469890e-07
   519 :  1.3636286e-02 -3.0272511e-02 -8.2066565e-04
   520 : -1.6633120e-08 -6.6608855e-08  2.7042921e-08
   521 :  8.3482155e-06 -1.3192937e-05  1.3329878e-05
   522 : -2.4193596e-04 -1.2354930e-04  1.9370972e-05
   523 : -5.9740093e-10 -3.5781753e-10  3.7763879e-10
   524 :  1.6006345e-01  8.9204025e-02  2.6300229e-02
   525 : -2.3421754e-06  1.5039711e-05  1.1006611e-04
   526 :  3.1700651e-04 -4.0721216e-04  4.5056318e-04
   527 :  7.9215340e-07 -1.4590836e-06  2.4654542e-06
   528 :  1.8126230e-01  2.5487360e-01  1.7678335e-01
   529 : -5.0786020e-09 -8.2078134e-08  5.6076641e-08
   530 :  1.0224631e-03  7.5383958e-05  2.1328283e-04
   531 :  8.4258521e-06  1.7018336e-04  4.0111990e-06
   532 : -2.7372754e-04 -8.5927741e-05  3.0348243e-05
   533 : -5.0797764e-09  2.6542062e-08  2.4129440e-09
   534 :  9.6031703e-02  1.5285574e-01  3.7358466e-02
   535 :  8.2975009e-04  1.0098800e-04 -4.9042094e-04
   536 :  7.4772144e-02  1.8002981e-01  2.1255501e-01
   537 : -1.0752616e-02  4.3771300e-03  9.0435604e-02
   538 :  5.2815169e-03  7.7120445e-02  6.7037227e-02
   539 : -5.7246750e-06 -6.9055423e-07 -3.6226260e-06
   540 :  2.7372569e-01  1.2089416e-01  1.0019498e-01
   541 : -8.4006453e-07 -5.4551222e-07  2.1201378e-06
   542 :  1.4791301e-01  3.4612627e-02  6.5781202e-02
   543 :  1.4904855e-06 -1.0049576e-06 -2.0858944e-07
   544 : -2.7773644e-02  3.2306638e-02 -9.0169828e-03
   545 :  1.4739236e-02  4.9395598e-02 -9.6742509e-02
   546 :  1.1674303e-04 -9.5238827e-05 -4.4313645e-05
   547 :  4.0149102e-05  1.5426801e-05 -1.6474949e-04
   548 :  1.4847763e-02  2.3599104e-02  9.0447240e-02
   549 : -3.3121634e-09 -6.3459289e-09 -3.2000166e-09
   550 : -1.3274856e-05 -1.1272275e-05 -3.4565118e-06
   551 :  1.8936971e-05 -1.6166659e-05 -1.6063707e-05
   552 : -3.3249758e-04  7.1875546e-06 -1.1482755e-04
   553 : -1.5322996e-01 -1.8699432e-01 -1.4320273e-01
   554 : -4.9832475e-05 -1.1080124e-04 -1.0145737e-04
   555 : -6.8278383e-05  1.1926760e-04  1.6447529e-04
   556 :  1.4907290e-01  5.8116854e-03  3.7448516e-02
   557 :  1.4782849e-01  9.7891862e-02  4.6469742e-02
   558 :  8.7533317e-02  2.2491620e-02  1.3703794e-01
   559 :  1.9785773e-04 -1.0215017e-04  3.7049258e-04
   560 : -1.2548373e-08  1.0328138e-07 -1.0646013e-08
   561 : -1.2057382e-02  6.6883518e-02  1.9664758e-01
   562 :  2.1045521e-04  1.0181856e-04  3.7056666e-05
   563 : -1.8788666e-06  6.4036309e-06  7.5855584e-05
   564 :  1.7408343e-04 -5.5911369e-04 -7.3549754e-06
   565 : -1.3785422e-01 -1.3960841e-01 -1.7591672e-01
   566 : -3.4163998e-04  6.1975775e-04  2.9398930e-04
   567 : -1.9989673e-04 -1.4266532e-04 -9.2270545e-05
   568 :  1.3078503e-06  6.3145159e-08 -6.6855482e-07
   569 :  2.0808593e-03 -1.3166998e-02 -1.5915431e-02
   570 :  2.6946527e-05  8.9202410e-06  6.2428962e-05
   571 : -6.8821898e-03  1.8528747e-04 -8.7566732e-03
   572 :  2.3537875e-10  8.5415751e-11 -1.2232084e-09
   573 : -1.9939712e-02 -1.1361468e-02  5.4069499e-02
   574 :  2.0080083e-01  8.5841640e-02  1.7503320e-01
   575 : -2.9186096e-04 -8.2855890e-06 -7.2343639e-05
   576 :  1.5428380e-01  7.9070475e-02  1.3492257e-01
   577 : -2.8342274e-05  2.8267643e-06  3.2382636e-06
   578 :  2.1815025e-06  1.4106292e-07  1.7452849e-06
   579 :  1.2572764e-01  1.0599983e-02  6.6146953e-02
   580 : -4.4823490e-03  2.3283153e-03  8.2240924e-04
   581 :  3.5482306e-05  7.0176639e-05  6.0960875e-05
   582 :  4.8591531e-06 -1.6980609e-05  5.3913386e-06
   583 : -2.9838468e-07  1.8108593e-07 -1.5415314e-07
   584 : -1.8447016e-02  2.4381200e-01  1.5501344e-01
   585 : -4.6425513e-02 -1.3492356e-01 -1.4507167e-02
   586 : -6.0069268e-06  1.4360620e-05 -2.7377357e-05
   587 : -1.4798021e-01 -1.0356741e-01 -1.2809912e-01
   588 : -1.6420998e-05 -2.7100799e-06 -2.5803750e-06
   589 :  6.1863398e-05  1.6488671e-05  2.7602562e-05
   590 :  7.3035383e-02 -3.1993001e-02  1.0621132e-01
   591 :  6.7463590e-06  5.4928500e-06 -4.9796639e-06
   592 : -1.5000250e-01 -1.4840404e-01 -1.6558984e-01
   593 : -1.1910160e-01 -1.6410224e-01 -1.8413103e-01
   594 : -5.6529938e-03  4.2907276e-03  3.9019446e-03
   595 :  2.7273554e-04  4.2251891e-04  3.9163695e-04
   596 :  2.0309531e-05 -2.7743254e-05  1.3174514e-04
   597 : -8.7036906e-02 -1.7515881e-01 -1.0890671e-01
   598 :  2.9481120e-05  6.1015660e-05  5.9757596e-05
   599 :  4.8790159e-05 -5.3122033e-06 -1.4747791e-04
   600 :  3.2881421e-05  2.0491396e-04 -7.6169082e-05
   601 : -3.2421417e-02 -1.6701786e-01 -1.3213168e-01
   602 : -3.7097797e-04 -2.0260993e-04 -7.6147246e-06
   603 :  8.9212002e-02  8.6702735e-02  2.3876100e-01
   604 : -2.6973491e-11 -9.1059538e-12  6.1140792e-11
   605 :  5.2382243e-10 -1.2010768e-09  2.7276119e-10
   606 :  3.2599000e-08 -1.3272896e-08 -4.7759524e-09
   607 :  1.9621693e-02  3.3464076e-03 -3.7428369e-02
   608 :  1.2976169e-05 -1.5701813e-05 -1.2008839e-05
   609 :  3.2526289e-07  9.6905749e-10 -2.8233313e-07
   610 : -1.8069150e-05  9.3785656e-05 -4.9203139e-05
   611 :  7.8503560e-05 -9.4115244e-05 -3.5469766e-06
   612 : -3.6181652e-02  1.5143677e-01 -2.7754363e-02
   613 : -1.3486769e-02  1.0574484e-01  1.3302854e-01
   614 : -9.1410529e-09  4.4223034e-09  2.2603805e-08
   615 :  8.0641300e-09 -6.0386882e-08  3.0970409e-08
   616 : -1.5535919e-06  5.6739837e-06 -2.6441978e-05
   617 :  4.6965838e-12 -6.5407202e-12 -8.4152541e-13
   618 :  1.3297949e-01  1.1286477e-01  2.0993531e-01
   619 :  6.2864655e-02  4.7313675e-02  8.5156261e-02
   620 :  8.1843468e-03 -3.6190058e-02  7.7049911e-02
   621 :  6.6637365e-05  1.3340423e-04 -3.7421487e-04
   622 :  3.6885644e-06 -2.5416692e-06  1.2551000e-05
   623 : -6.0718159e-08  6.1537895e-06  1.8562347e-06
   624 : -6.7604359e-07  7.7311847e-07 -1.0394030e-06
   625 :  4.3043337e-03  5.5541075e-02  2.2945537e-03
   626 :  4.5858252e-05 -2.3620532e-05  6.3045152e-05
   627 :  1.7771059e-02  1.6700970e-01  2.0696912e-01
   628 :  1.7938971e-02  9.6234122e-02  2.0429252e-01
   629 :  2.0736262e-01  1.0893814e-01  1.9853539e-01
   630 : -1.4885954e-05 -7.5059859e-05  1.6884027e-05
   631 :  4.0904140e-05  3.6172969e-05 -1.8264252e-05
   632 :  2.5366410e-05 -1.2035406e-04  6.0007063e-05
   633 : -5.9470054e-04  1.2692220e-03 -7.5869367e-04
   634 : -4.0491489e-04  2.0770618e-03  2.4685832e-03
   635 :  1.6780588e-08 -5.9839283e-10 -1.3499097e-08
   636 :  2.7063674e-05  6.0952958e-05 -4.2091569e-06
   637 : -1.2355774e-03  6.0948614e-04  4.5761058e-04
   638 :  8.5497067e-04  1.0091276e-03 -1.4042644e-03
   639 :  1.2583107e-04  3.8830825e-04 -2.4098901e-04
   640 : -1.5991685e-04  2.3689247e-05  7.5514710e-06
   641 :  6.2685405e-06  8.9814556e-07 -3.6587916e-06
   642 : -2.4438771e-06  5.3943403e-06  4.1813242e-06
   643 :  1.8693989e-01  4.3251126e-02  6.4971751e-02
   644 :  4.4756956e-02  1.4817167e-01  1.0064669e-01
   645 :  3.4997618e-03 -3.6055966e-04 -8.5158373e-03
   646 : -9.8162290e-03  1.6167656e-03  3.0592761e-03
   647 : -4.0906692e-04  1.3834828e-03 -2.4236688e-04
   648 : -3.2845944e-04  2.0054338e-05 -5.3526402e-04
   649 : -6.4497834e-09  8.5552102e-09 -2.1794544e-09
   650 :  4.1178701e-04 -2.3042055e-04  1.2133317e-03
   651 :  1.2715476e-03  5.8749475e-04  4.4702871e-04
   652 :  2.3437674e-10 -7.4179388e-11 -7.1277933e-10
   653 : -4.4169764e-10  2.2850056e-10  9.6465399e-11
   654 :  3.5673478e-05  5.3594276e-05  7.8120858e-06
   655 :  2.2323730e-05  9.0864202e-05  3.0562499e-05
   656 :  3.1539406e-10 -8.8897196e-09  3.8775270e-08
   657 :  1.8359335e-08  2.7558503e-08  3.1312268e-09
