Number of elements 658
     0 : -5.5370558e-03 -4.7579972e-03  2.4735106e-03
     1 : -1.8957406e-04  1.1472205e-03  9.7883897e-04
     2 :  2.7133325e-04 -2.4396216e-04 -4.1688433e-04
     3 : -6.2887386e-12  1.1387815e-11 -2.6901786e-12
     4 :  2.4260066e-10 -6.6850668e-10  6.9747739e-10
     5 : -3.6709347e-09  1.2131597e-09 -2.2883050e-09
     6 : -3.0511335e-07 -1.4598752e-06 -9.1139149e-07
     7 : -3.9652787e-02  7.6389939e-02  1.9225323e-02
     8 :  1.0996312e-02  7.7607985e-02  9.0357739e-03
     9 :  1.8857780e-10 -4.8453008e-10  1.8111175e-09
    10 : -1.7941192e-08 -9.9091463e-09  5.4359633e-09
    11 : -4.2118485e-10  5.7849410e-10  2.9853839e-10
    12 : -3.2060139e-01 -1.7739961e-01 -3.2210222e-01
    13 : -3.9833217e-06 -2.0747098e-06  2.0910252e-06
    14 :  7.3639667e-04 -2.7418003e-04 -2.1289679e-04
    15 :  1.3450950e-01  2.6779939e-01  4.8818598e-02
    16 :  7.2615991e-02  6.6919843e-02  3.7878935e-02
    17 : -1.4360464e-12 -1.4281466e-12  1.3283821e-12
    18 : -1.0198067e-07 -7.6947579e-07  3.4044444e-06
    19 : -1.0365784e-06  4.5968571e-07 -4.4826469e-07
    20 :  7.7535537e-10  2.7684846e-09 -1.8834719e-09
    21 :  1.1583853e-01  2.7652985e-01  7.1250348e-02
    22 : -7.5272806e-06 -7.7903002e-07  1.9404041e-07
    23 :  3.6913412e-01  1.0212948e-01 -1.2538215e-01
    24 :  1.5278614e-01  1.0740976e-01 -1.6572358e-02
    25 :  1.3384212e-01 -6.3202874e-02  8.8550842e-02
    26 : -2.6288572e-02  7.4914548e-02  3.7234500e-02
    27 : -3.5390845e-10  5.5704239e-10  3.5589456e-10
    28 :  5.1318905e-05  1.1719394e-05 -1.5151219e-05
    29 :  4.7003803e-01 -1.3964108e-01 -8.8802827e-02
    30 : -1.2810564e-11 -5.7247670e-11 -7.1000954e-11
    31 :  2.2433692e+00 -2.0375325e+00  2.3312741e+00
    32 :  2.2185989e-01  6.5598873e-02  9.1829156e-03
    33 : -9.3762809e-04  8.7530376e-04  6.7906406e-04
    34 : -6.8116636e-07 -4.7506566e-07  1.0731571e-07
    35 :  2.0208188e-11  4.7210155e-12 -1.1423234e-11
    36 : -3.3730930e-02  5.0772797e-02  1.4594092e-01
    37 : -3.1698276e-03  2.1006705e-03  1.7608688e-03
    38 :  1.1398936e-01  5.7682992e-01  8.7175022e-01
    39 :  1.2774723e-03  2.0653003e-03 -3.2187316e-03
    40 :  3.6985168e-06 -1.5342734e-06  4.3596495e-06
    41 :  2.0880240e-01  4.1986772e-02  3.6144157e-02
    42 : -2.2921247e-10  1.5779230e-09 -2.5796471e-10
    43 :  7.4389182e-03  3.7561857e-01  4.4116169e-01
    44 :  7.2651482e-02 -1.9492209e-01  4.9015867e-01
    45 :  1.6185254e-01  1.3992190e-01  1.3490922e-02
    46 : -5.1128644e-04  9.9965273e-05 -5.2569773e-04
    47 : -6.1300835e-12  1.6370409e-12 -3.6696588e-13
    48 :  1.5743866e-05  5.6599720e-05 -1.5609150e-04
    49 : -3.4224715e-01 -2.7211379e-01  5.8965710e-02
    50 :  4.0987224e-04  1.0157381e-04  6.8310709e-05
    51 :  3.2323630e-02  3.8143943e-01  8.4607028e-02
    52 :  9.6877877e-01 -4.8165244e-01  1.2621352e+00
    53 : -2.3016469e-04  6.3106731e-05 -4.0225862e-04
    54 : -7.1611274e-02 -2.0579790e-01 -1.2262119e-01
    55 :  6.2831307e-02 -6.9817757e-02 -1.3166400e-01
    56 :  1.8751633e-01  1.1102067e-01  2.4586509e-02
    57 :  7.3887383e-01  6.6207723e-01  1.3900400e-01
    58 : -1.4534401e-13 -4.3513182e-14  2.5381413e-13
    59 :  2.4600306e-01  7.9247308e-02  1.9350515e-02
    60 :  4.3051188e-02  1.5752389e-01  3.2578299e-01
    61 :  1.5039282e-01 -9.0906045e-03 -4.5859088e-03
    62 :  2.9772527e-07 -4.2281583e-07  1.6922410e-07
    63 :  1.0340610e-02  9.0988069e-03  1.3335963e-01
    64 : -1.5464294e-06  1.2801626e-06 -9.2890387e-07
    65 :  3.6895454e-01  2.8157143e-01  6.2248705e-02
    66 :  7.4963501e-07 -1.0249604e-06 -1.0675955e-06
    67 :  2.7088385e-02 -1.3887571e-01 -8.6654550e-02
    68 : -3.3109690e-02 -9.5715078e-02 -1.8593319e-01
    69 :  2.5649244e-01  2.9325981e-01  1.3112052e-01
    70 :  2.0243897e-04  1.6623473e-03  3.2340355e-04
    71 :  1.4229015e-01  1.4278720e-01  1.1954330e-02
    72 :  2.6256363e-01  2.2251733e-01  1.4825240e-01
    73 :  6.0747516e-03 -5.8945528e-04 -1.3769242e-03
    74 :  6.7268600e-12  5.1141745e-10 -2.7301747e-10
    75 : -2.4070510e-10 -3.2089255e-10  1.0900711e-10
    76 :  2.7282725e-01  3.9891458e-01  1.8069917e-01
    77 :  2.1622800e-07  2.3626127e-07  1.3566915e-06
    78 : -8.7107243e-06 -1.2823372e-05  4.0121784e-05
    79 :  4.2139658e-11  7.4693804e-10 -5.8570886e-10
    80 :  4.1640833e-11 -1.2123552e-10  1.9825964e-11
    81 : -1.5881125e-05  8.9361294e-06 -2.2488021e-05
    82 :  2.8023036e-11  1.5522895e-12  2.2963202e-11
    83 : -9.7607481e-07  3.9786093e-07  1.5008649e-06
    84 :  2.3439456e-01  2.4866821e-01  1.5441377e-01
    85 : -8.6847198e-03  1.7833162e-03 -1.9003818e-02
    86 :  1.7711622e-09 -1.2804819e-09 -2.1345658e-09
    87 :  5.2645186e-07 -7.8585707e-07  4.6695905e-07
    88 : -3.8688651e-01 -2.9179062e-01 -2.4951673e-01
    89 : -3.4776770e-04  9.9004672e-06 -2.0126267e-04
    90 :  2.4062437e-01  1.3404759e-01  2.1812234e-01
    91 : -1.3038413e-01 -3.3111774e-01  7.8885844e-02
    92 : -1.3541583e-04  2.5998967e-05  5.7352306e-05
    93 : -9.9344732e-03 -4.3036958e-03  1.4996100e-03
    94 :  1.8829907e-02  1.6190411e-01 -3.2077977e-02
    95 :  2.7049254e-02  1.5012369e-01 -1.7389391e-02
    96 :  3.8549352e-06 -1.6716877e-05  3.7114615e-05
    97 : -2.5969078e-01 -3.0546322e-01 -4.4332225e-01
    98 : -2.4624866e-02  1.1278854e-01 -6.7885010e-02
    99 : -1.8769551e-07  2.9877438e-06  4.5776362e-06
   100 :  2.9753363e-06  1.7283539e-06  9.9911820e-06
   101 : -1.3952628e-04 -2.1763687e-04  2.8257822e-05
   102 : -2.5629445e-01 -1.3973264e-01 -3.1766033e-01
   103 :  1.0745480e+00 -8.3749667e-01  1.5231399e+00
   104 :  1.2823080e-03  2.5692555e-03 -3.8690787e-03
   105 :  3.6540298e-07  8.0877795e-08 -1.8971638e-07
   106 :  4.2607319e-04 -2.2524753e-03  1.3802052e-03
   107 :  2.5057331e-07 -3.7218455e-07 -5.1773159e-07
   108 :  1.7524316e-08 -9.6028245e-09 -3.7032067e-09
   109 :  3.5678385e-06  5.0949705e-06  1.3211071e-06
   110 :  4.7227038e-02  8.2263002e-02  5.1775187e-03
   111 :  4.3048034e-06 -1.5982002e-06  5.9116203e-07
   112 : -3.4458833e-04 -3.4891375e-03 -4.1410434e-03
   113 :  1.6869220e-01  7.0851203e-02  2.4575256e-01
   114 : -6.0177603e-02 -9.9209669e-03 -2.0003944e-01
   115 :  4.3236509e-01  2.4520736e-01  2.8252238e-01
   116 : -1.2226782e-06  2.5040215e-06  1.3659293e-06
   117 :  2.0084589e-03 -1.9063334e-03  1.1594143e-03
   118 :  3.5983269e-01  1.2706012e-01  1.3260137e-01
   119 :  9.9252944e-05  2.2104054e-05  3.8958900e-05
   120 :  8.0624290e-02  3.7035801e-02 -4.0262753e-01
   121 :  2.4542628e-08 -5.1252943e-08  7.3645348e-09
   122 :  2.7306706e-01  7.0558738e-01  2.4577991e-01
   123 :  1.1808373e-01  1.3901299e-01  5.5200076e-02
   124 :  3.1084764e-03 -7.2898060e-04  2.3514672e-03
   125 : -1.4298011e-08 -7.1478111e-09  1.7578300e-09
   126 : -8.9287074e-07  6.1080249e-05 -2.0036595e-05
   127 :  1.5421134e-07 -9.0689950e-08 -1.2486947e-07
   128 :  2.1098804e-05  2.3319929e-05 -7.6510042e-05
   129 :  6.2097069e-02  7.2974362e-03  1.9221793e-01
   130 : -4.1625385e-07  6.8870403e-07  4.2669510e-06
   131 :  4.4273479e-01  1.2674090e-01  2.1807196e-01
   132 : -8.0894827e-08  4.6354587e-07 -1.7590211e-07
   133 :  1.9653415e-10  2.5397022e-09 -5.2817562e-09
   134 : -1.1526997e-01 -2.6115186e-02  8.7390883e-02
   135 : -4.9496500e-02  9.6346988e-01 -2.9605327e-01
   136 :  1.0188648e-04  9.6127356e-04 -1.9131026e-04
   137 :  4.9163512e-12  2.8029961e-12 -8.7596986e-12
   138 :  8.6509186e-09 -1.5041606e-08 -3.1469416e-09
   139 : -1.2606632e-01  5.8108466e-01 -2.7195664e-01
   140 : -1.3771006e-04 -1.1361523e-04  5.4688450e-05
   141 : -1.2725462e-07  4.0203209e-06 -5.8182870e-07
   142 :  2.6979290e-01  1.8841572e-02  1.1820854e-01
   143 : -5.5386750e-06  2.9377003e-06  1.4054830e-07
   144 :  6.4631296e-05 -1.0953782e-04 -2.7495800e-04
   145 :  1.9639430e-10 -2.0986391e-10 -1.1559042e-10
   146 :  1.2370901e-01  1.0765881e-02  1.3816808e-01
   147 :  1.8106312e-01  3.6129957e-02  8.9237577e-03
   148 :  2.5290614e-08 -1.2891880e-08 -4.8581296e-08
   149 : -1.0141130e-02  3.8061872e-02  1.1124012e-02
   150 :  7.4533228e-07 -1.0965256e-06 -7.5871262e-07
   151 : -1.6768310e-01 -9.2946288e-02 -9.0428040e-02
   152 :  1.1744893e-10 -4.7169596e-11 -2.1090541e-11
   153 :  2.0936232e-01  1.1821049e-01  9.6216048e-02
   154 :  5.2387331e-07 -2.2425573e-06  6.1538399e-06
   155 : -2.1103188e-04 -2.9840001e-04 -1.8702866e-04
   156 : -9.5512924e-07 -6.4485377e-07  3.1986512e-07
   157 :  1.9051526e-01  1.3401024e-01  1.4261253e-01
   158 : -1.8602179e-01 -1.8905157e-01 -3.4869186e-01
   159 :  2.1993577e-06 -1.5091035e-05 -1.6223695e-05
   160 :  6.3506777e-02 -2.9407141e-02  1.1206573e-01
   161 :  2.8478822e-01  8.1596051e-01  7.9114381e-01
   162 : -4.9705553e-02 -2.3279167e-01 -1.6012451e-01
   163 :  7.0580904e-03 -1.4995998e-01 -4.1980513e-02
   164 : -2.5413419e-01  5.8012893e-01  6.0217806e-01
   165 :  1.3027150e-01 -1.0131440e-02  7.7844507e-02
   166 :  7.6121266e-02  1.6730104e-02 -8.4983535e-02
   167 :  8.6886266e-08 -2.4745186e-08 -2.6052857e-08
   168 : -4.0580869e-03 -1.4672172e-03  1.6940789e-03
   169 :  1.1689067e-07  5.4879338e-08 -7.1979175e-08
   170 : -1.9577657e-04 -3.2093193e-04  1.3040099e-03
   171 :  3.3004770e-06  1.3119214e-06  6.1190559e-06
   172 :  3.4350420e-04  5.1697226e-04  1.9228311e-03
   173 :  5.2949174e-02 -6.1307711e-02 -6.3332560e-02
   174 : -1.1050315e-06  3.2420417e-06  2.8258971e-06
   175 :  8.8523467e-06  6.3291006e-05  9.0576366e-05
   176 : -5.2814674e-06  3.1364438e-05  9.9301363e-05
   177 :  1.0377181e-02 -6.2841524e-02  1.0215527e-02
   178 : -4.4255192e-02 -2.0540461e-01 -2.5518310e-01
   179 :  1.1601949e-01  6.6070184e-02  7.4939000e-02
   180 : -1.0136584e-01 -3.5130867e-02  6.8554481e-02
   181 : -7.4267729e-02  1.7965552e-02  7.7072859e-02
   182 : -1.7737938e-01 -1.7875367e-01 -1.1286505e-01
   183 : -2.3995326e-07  1.3468241e-07 -5.6238451e-09
   184 :  1.7265203e-01  3.3323568e-02 -2.8851350e-02
   185 : -3.0152716e-14  1.9998518e-13 -9.6895919e-14
   186 : -4.0870789e-05  3.6061149e-05  6.9056897e-05
   187 :  2.1583826e-01  4.9970079e-02  1.7515996e-01
   188 : -1.7773948e-07 -1.4140584e-07  5.0710229e-07
   189 :  1.2208427e-08 -1.9193388e-08  4.5694735e-09
   190 :  8.7227443e-01  9.4678309e-02 -4.5442366e-03
   191 : -3.9064407e-03  9.0279362e-02 -3.1774125e-03
   192 : -1.5415738e-01 -3.1085559e-01 -1.6841001e-01
   193 :  6.5233275e-05  6.6378598e-07  8.9870577e-05
   194 : -3.7771413e-07  2.0892439e-06 -5.7454150e-07
   195 :  2.0259227e-10  6.1470845e-10  2.4266028e-10
   196 :  3.8063853e-06  8.8087714e-07 -1.1210850e-06
   197 :  7.6876962e-02  3.1239121e-01  1.4957429e-01
   198 :  8.4117266e-10  4.3267096e-11  1.3076981e-12
   199 :  3.2362277e-07  1.1384228e-06 -4.0346317e-06
   200 :  1.1744250e-08 -3.8638199e-09 -3.7800901e-09
   201 :  9.5827277e-02 -2.0503692e-02  1.1945292e-01
   202 :  6.2475361e-01  2.3618083e-01  3.9318636e-01
   203 :  2.1650723e-09 -7.0132569e-09  1.8445724e-09
   204 :  1.1783453e-01  7.2140449e-02  2.6555291e-01
   205 :  1.1860636e+00 -1.6060726e-01  1.0469909e+00
   206 :  1.6299193e-01  3.7519650e-02  9.3419424e-02
   207 :  9.3356135e-09  1.3083973e-10 -2.0007597e-08
   208 :  4.5598544e-01  3.8172647e-01  1.9871264e-01
   209 : -1.1747292e-09  1.6689161e-09  7.9316053e-10
   210 :  1.7263468e-01  1.2933090e-01  7.5761587e-03
   211 :  3.8453094e-04 -3.7723988e-03 -7.4987987e-03
   212 : -1.6369401e-01  3.4974715e-02 -1.3249527e-01
   213 : -3.2961522e-01 -4.3986820e-02 -3.2542680e-01
   214 : -5.1466890e-03  2.6020657e-03  4.2146163e-05
   215 :  1.1159239e-06 -8.0323064e-07  8.4309305e-07
   216 :  3.2969245e-01 -3.2233955e-02  8.5345875e-02
   217 :  1.4970232e-10 -3.4734768e-10  3.8790566e-10
   218 :  2.0108115e-01  8.3768389e-03  2.0925838e-01
   219 :  1.1683994e-01  1.7094414e-02 -1.3532741e-01
   220 : -2.5927655e-06  4.8042678e-06  3.2208695e-06
   221 :  3.3416987e+00 -5.0372833e+00  2.7321706e+00
   222 : -2.4152770e-10 -7.9374356e-11  5.7637165e-11
   223 :  1.8931795e-01 -1.0456049e-02 -1.1657428e-01
   224 :  1.7395008e-06 -9.1521287e-06 -2.7994104e-06
   225 :  3.8166232e-07  8.3596828e-08 -1.5064927e-07
   226 :  2.5389986e-06 -1.8975618e-05  5.7548978e-06
   227 : -2.3986884e-09 -2.1692322e-09  1.7851879e-10
   228 : -8.7692394e-12  2.9846293e-12 -5.5455001e-12
   229 :  2.8102628e-06 -1.1202343e-05  6.4207856e-06
   230 :  1.8700350e-08  4.5171998e-08 -1.2145516e-07
   231 : -1.2885077e-03  2.8303448e-03 -2.4143797e-05
   232 :  1.1206852e-08 -1.4520097e-09  1.8787373e-08
   233 :  8.8666600e-02  2.1347539e-01  3.5452839e-02
   234 :  3.6161011e-06 -6.3370730e-07  1.7146461e-06
   235 : -6.3927352e-07 -8.4153190e-07  2.4358805e-06
   236 :  1.1221987e-03 -3.6801388e-04  1.5989785e-03
   237 : -1.8304447e-01  6.9897506e-01  1.5708934e+00
   238 : -1.9997171e-13  1.1004853e-13  4.3746817e-13
   239 : -2.0729471e-02 -1.2083801e-01 -4.0170736e-01
   240 :  5.3292935e-07  1.2138576e-07 -2.9692340e-07
   241 :  3.8446819e-02 -1.1522074e-02 -1.0556982e-02
   242 : -5.3398957e-05 -1.3570576e-04  2.1373898e-05
   243 : -4.0364521e-02  1.6543945e-01  4.6170932e-02
   244 :  1.0758904e+00  6.6264453e-01  1.9704524e-01
   245 : -3.9856159e-06 -1.1001712e-06  1.8423003e-05
   246 : -4.2754522e-14  1.1449160e-13 -8.8237369e-15
   247 :  1.7173671e-01 -7.8957556e-03  2.2551365e-02
   248 : -3.5409775e-02 -9.2745517e-02 -1.3446024e-01
   249 :  2.6634920e-06  5.9199275e-07 -4.2508300e-06
   250 : -8.1534098e-02  1.0489711e-02 -2.7073546e-01
   251 : -1.0204718e-05 -2.2419706e-06  1.9435293e-05
   252 :  4.9665096e-01  7.1319131e-02  9.5005756e-02
   253 :  6.5806570e-05 -1.3956338e-05  3.7446718e-05
   254 :  5.0437584e-01  4.0741189e-01  3.2251580e-01
   255 :  1.8055180e-01  7.8790069e-02 -1.1246975e-02
   256 : -1.2665711e-02 -6.3515770e-03  2.0059080e-05
   257 :  1.3181977e-10 -1.4213996e-10 -2.1548997e-12
   258 : -7.9485122e-07 -1.6290491e-07 -8.2901419e-07
   259 : -9.2893808e-14 -1.4371209e-12  2.5077657e-12
   260 :  2.2762695e-11 -1.0522073e-10  5.1864814e-11
   261 : -5.0761366e-01 -1.1175726e-01 -4.6006882e-01
   262 : -1.0902066e-02 -1.4987144e-03 -1.2562935e-02
   263 :  3.0781119e-06  1.3871309e-06 -4.4507746e-06
   264 :  1.5766482e-08 -4.7182302e-09 -3.5541111e-09
   265 :  1.1879857e-06  3.5253942e-06  7.4688836e-06
   266 :  6.1343865e-05 -3.3451732e-04 -8.4315656e-05
   267 :  4.0176775e-02 -1.4024625e-01  1.3562991e-01
   268 : -1.7175254e-02 -3.6982441e-02  2.2343669e-02
   269 : -1.3190935e-04  7.1671527e-05  7.9926902e-05
   270 :  5.3327503e-05 -1.5037746e-05 -3.9846856e-04
   271 : -2.9942004e-05 -3.9889780e-05  8.6798072e-05
   272 :  2.7463928e-01  2.1983830e-01  1.0700622e-01
   273 :  9.1416240e-03 -1.8289250e-02  9.2326366e-03
   274 :  8.0901258e-02  1.6250106e-01  1.8502690e-01
   275 :  2.3117185e-08 -1.5498885e-08 -1.2561355e-08
   276 : -4.1041472e-05  1.1153240e-04  1.9747264e-04
   277 : -9.7682375e-09 -4.2849218e-08  1.3763591e-07
   278 : -9.1157919e-03 -1.9068271e-02  2.1608378e-03
   279 :  1.0875548e-03  7.6468531e-04  3.7887120e-04
   280 : -5.9238025e-05  1.0882471e-04 -1.6261878e-05
   281 : -4.2050565e-03 -5.6636966e-04 -6.9013722e-03
   282 :  1.1358960e-11  4.9076778e-11  2.5689823e-11
   283 :  3.2933050e-01 -4.1589128e-02  2.8479406e-03
   284 : -3.5054319e-04 -1.3321173e-04  5.4403706e-05
   285 : -1.5992982e-04  1.7249071e-04  5.4138571e-05
   286 : -2.6199583e-03  2.3199051e-03  1.7867472e-03
   287 :  1.5362366e-01 -3.5554122e-02  4.2872742e-02
   288 : -9.6869814e-11  1.1780073e-10 -5.8940326e-11
   289 : -5.3474751e-07 -7.1700556e-07  1.8554628e-06
   290 : -2.2471906e-06 -6.0185120e-07  3.0850415e-06
   291 : -6.1002971e-03  3.3411097e-03 -8.8460835e-03
   292 : -2.5436024e-10  6.4259674e-11 -3.5462169e-10
   293 : -1.2749213e-08  5.3401234e-08 -2.4048936e-08
   294 : -1.4840569e-05  2.4027063e-05  3.0104699e-05
   295 :  4.6299809e-02 -4.3601261e-01 -4.3150260e-01
   296 : -3.9000619e-03  1.4936477e-03  2.6568692e-03
   297 :  3.1936984e-01  2.3284022e-01  3.7884949e-02
   298 :  3.2613113e-06 -1.8799643e-05  1.2295788e-06
   299 : -1.1269241e-04 -4.4151648e-05 -3.3669860e-04
   300 : -1.0562711e-04  6.7427747e-05  3.3673762e-05
   301 : -1.7941646e-02 -6.6942576e-03  1.0505590e-03
   302 : -4.5504867e-02  1.0949073e-01  6.2662704e-02
   303 : -8.6895912e-06 -7.4840145e-06  1.1585346e-04
   304 :  1.0176597e-01  1.2272725e-02  1.3327585e-01
   305 : -1.8956621e-09  1.6717190e-09  1.2389269e-09
   306 :  9.5359143e-09 -3.5391770e-09 -3.8696317e-09
   307 :  6.9203304e-04  6.7871521e-05  4.8892316e-04
   308 :  2.1576587e-01  1.9257505e-02  2.6767478e-01
   309 : -3.9741449e-02  6.5567758e-02  7.5326705e-02
   310 :  2.9060083e-01  5.3445596e-02  1.7846417e-01
   311 :  1.9657291e-05  1.2181784e-05  2.0309889e-05
   312 : -1.1992062e-03 -5.7373421e-03  1.6663476e-03
   313 :  2.2871927e-06  6.8286781e-06 -6.3267988e-07
   314 : -3.6609317e-01 -3.1201305e-01 -1.9873419e-01
   315 :  1.4333980e-03  5.3266227e-04 -6.7009618e-04
   316 : -1.0885945e-05  1.6843823e-05  2.4264297e-06
   317 : -1.8525834e-05 -3.6165849e-06  1.9939644e-06
   318 :  8.7318973e-03  1.6937795e-02  1.6562264e-01
   319 : -9.3187454e-03 -1.0267765e-03 -5.6179823e-03
   320 :  2.4918498e-02  1.1646853e-02 -7.7904251e-03
   321 :  8.5222024e-04  2.4929525e-03 -8.5320075e-04
   322 :  2.9333618e+00 -3.1781989e+00  1.7246765e+00
   323 :  2.2567389e-01  2.1063830e-01  5.7459246e-02
   324 :  6.0015134e-04  1.9878974e-02 -9.6741344e-02
   325 :  3.8945504e-10 -4.0422296e-10  7.5451201e-10
   326 : -3.8478802e-04 -7.1698108e-04  1.8995645e-03
   327 :  2.5763283e-01  1.2831277e-01  1.0733263e-01
   328 :  9.9290190e-11 -4.0437604e-10  1.5054219e-10
   329 : -6.9902452e-02  7.7849130e-01  1.0129211e+00
   330 :  3.7141289e-02  2.6830040e-03 -9.3928075e-03
   331 :  2.6663342e-01  1.0843817e-01  4.9045972e-02
   332 : -1.3626331e-05  3.8867605e-05 -5.3641156e-06
   333 :  1.7840856e-02  1.4455976e-01  7.9396564e-02
   334 : -4.0996475e-04  1.2310507e-03  2.3313318e-04
   335 : -9.1830544e-06 -7.8700836e-07 -3.8260065e-06
   336 : -2.9012348e-04  7.5727394e-05  2.2708911e-05
   337 :  7.8713383e-05 -3.6377840e-05 -4.1293751e-05
   338 : -9.1364802e-05 -1.5887467e-04 -1.0744595e-04
   339 :  2.1743799e-02  1.9721453e-01  2.4439091e-02
   340 :  8.9335613e-11 -2.2101459e-10 -3.4225162e-10
   341 : -9.7474817e-06 -1.4208562e-05  3.8109864e-05
   342 :  2.7303303e-06 -1.2655940e-05  1.5468415e-06
   343 : -3.5877505e-04 -1.5199854e-04 -1.6191127e-04
   344 :  1.0393963e-03  7.8705580e-05 -4.7843512e-04
   345 :  2.4287823e-02  1.2556766e-01  1.7412901e-02
   346 :  7.5562416e-04 -4.1496507e-03 -2.8355378e-04
   347 : -1.1721660e-04  8.5695236e-05 -6.0941997e-05
   348 :  1.4721622e-11 -2.7490373e-10  4.6922984e-11
   349 : -3.1244693e-03 -1.3818804e-03 -9.6376835e-04
   350 : -8.1815310e-05 -7.4762737e-04  1.6147971e-04
   351 :  1.1708248e-01  1.3082138e-01  1.1361420e-02
   352 : -1.7221524e-05  2.9424099e-05  3.0327739e-05
   353 :  5.7709004e-02  1.1739824e-01 -6.3651992e-03
   354 : -5.8376751e-07  3.4852224e-08  2.4422685e-06
   355 :  7.4005168e-05 -5.7838969e-06  5.8233501e-05
   356 :  1.2389586e-06  6.9788592e-06 -8.9815406e-06
   357 :  5.1818277e-07 -1.6572636e-07 -1.3423394e-07
   358 :  2.4353992e-04 -1.3901945e-04 -5.5135355e-04
   359 :  2.3283608e-07 -3.8979847e-07  4.6442462e-07
   360 :  8.4053213e-05 -1.0118772e-04  4.9036880e-05
   361 :  6.7289345e-04  5.7509020e-04 -4.2795272e-03
   362 :  1.0473725e-06 -3.2046278e-06 -3.1565357e-06
   363 : -1.8795660e-04 -9.7103395e-05 -3.3273471e-04
   364 :  1.8004824e-05  4.0165845e-05 -1.0827100e-04
   365 :  5.3369381e-04 -5.7472149e-03 -8.0423563e-03
   366 : -4.0700703e-02  1.3375618e-01 -3.8299359e-02
   367 :  1.3005649e-01  1.3258359e-01 -5.0175332e-02
   368 : -4.4231764e-03  5.6173717e-04 -2.3002452e-03
   369 :  3.7941709e-01  4.7009240e-01  2.4404752e-01
   370 :  2.0470473e-10 -3.9535193e-10  4.1543251e-10
   371 :  6.0159170e-02  5.5792456e-02 -2.5556450e-02
   372 :  3.6893045e-13  5.5451728e-13 -1.5151708e-12
   373 : -3.7748359e-07 -1.0496640e-07 -7.2932197e-07
   374 :  2.5291774e-08 -7.3059416e-09  2.3476028e-08
   375 :  4.8331431e-07 -1.0973780e-06  4.3119534e-05
   376 : -2.5940635e-05  2.3760684e-04 -1.4269769e-04
   377 :  1.2569827e-05  2.2333441e-05 -9.3812614e-07
   378 : -1.4835279e-09 -3.0754412e-09  1.1097431e-08
   379 :  7.9089444e-02  3.4304380e-02  2.6886504e-03
   380 : -1.0140124e-04 -2.5776019e-04  2.1239324e-04
   381 : -9.2921224e-07  2.6963289e-06 -1.1547006e-07
   382 :  7.0393188e-08 -1.5160317e-07 -3.6288479e-08
   383 : -1.7941954e-14 -1.2292695e-13  2.5046657e-13
   384 :  1.6520968e-06 -4.0849224e-06  8.7986116e-07
   385 :  1.4538918e-01  6.2318103e-02  5.1870396e-02
   386 :  1.4884855e-06 -1.5810408e-05 -1.1701803e-05
   387 : -4.2143162e-08  1.2742531e-07 -1.6710493e-08
   388 : -3.2720696e-04  6.3698176e-05  5.0373194e-05
   389 :  3.7378033e-06 -7.6535849e-06 -1.8753850e-05
   390 : -1.1783112e-07  2.7988557e-07  4.0052029e-06
   391 :  1.3036859e-01  1.4408405e-01  5.0447782e-02
   392 : -8.0437242e-06  2.5145732e-06 -2.4286387e-06
   393 : -9.7433864e-06  6.1736288e-05  3.8839334e-05
   394 :  1.2761886e-05  8.2878924e-06 -6.4847782e-06
   395 :  2.9231902e-04 -6.1404051e-06  5.2961754e-04
   396 :  1.6553749e-04 -6.0625058e-03  2.1818591e-03
   397 :  1.0639339e-01  2.7841717e-02 -3.7006325e-04
   398 : -4.0428443e-10 -2.0454060e-10  1.2294048e-09
   399 :  5.7996365e-07  1.7012293e-06 -4.5650934e-06
   400 : -9.7331555e-07 -1.5598664e-06 -3.6555319e-06
   401 : -1.1177250e-02 -4.8692914e-03 -7.9423732e-04
   402 :  1.2257338e-02 -1.1862117e-02 -1.4687406e-03
   403 : -4.4205450e-05 -1.1659499e-04 -3.6143953e-04
   404 :  1.6578075e-06 -2.0294595e-06 -8.4671874e-06
   405 : -3.7764733e-05 -4.7672291e-07  5.5721587e-06
   406 :  2.2337988e-01  1.6336092e-01  3.1012375e-02
   407 :  5.5603378e-06  3.1850581e-06  6.3519279e-06
   408 :  5.4080105e-07 -8.4834770e-07  5.0231142e-07
   409 :  5.9352876e-05 -1.8572943e-05  2.9078029e-05
   410 : -5.5597047e-06  2.6943039e-06  4.4156242e-06
   411 :  6.7350378e-05  8.0673448e-05  1.6111931e-06
   412 : -2.8529962e-04 -1.0282175e-04  2.9135324e-04
   413 :  3.6469055e-05  6.2691487e-05 -9.9147794e-05
   414 :  9.9110262e-05  2.4498616e-05 -8.9848001e-06
   415 : -1.0241880e-05  1.5612498e-05  1.5777872e-05
   416 :  5.5332546e-08 -5.2893279e-09  2.1678423e-07
   417 :  1.6611106e-01  1.8534991e-01  1.1004319e-01
   418 :  1.3264700e-02 -2.4107867e-02 -5.7451432e-02
   419 :  2.4052290e-01  2.9905655e-02  1.2895585e-01
   420 : -2.9282340e-02  4.1193702e-02 -2.6178461e-02
   421 : -1.4941125e-04  7.9920974e-04 -6.0986773e-04
   422 : -1.8200418e-10  4.5352850e-11  6.6346491e-11
   423 : -1.0221261e-04  3.4226847e-05  8.2455979e-05
   424 :  9.4057609e-02  2.4366781e-01  6.3598878e-02
   425 : -3.8769484e-09  2.6620087e-09 -2.1005268e-09
   426 : -3.2078279e-04 -2.7017949e-04  5.0448178e-05
   427 :  3.7991850e-02  2.1942643e-01  2.1104957e-01
   428 : -5.0392354e-07  1.9070010e-07 -3.1280616e-07
   429 : -2.6507736e-08 -6.1920626e-07 -5.8343068e-07
   430 :  2.8498277e-01  1.6380263e-01  1.3967411e-01
   431 :  8.3445299e-03 -2.7622318e-03  2.3578992e-03
   432 : -1.4847107e-03 -6.1273666e-03 -2.3958416e-03
   433 : -3.8500581e-06  8.5954401e-06 -4.1643183e-06
   434 :  3.2094652e-06  4.6006309e-06  3.2545707e-06
   435 : -5.7715942e-04  8.6720472e-04 -6.2158294e-05
   436 :  8.7618613e-02  4.8820983e-03 -1.9509762e-02
   437 :  9.6687237e-05 -6.8100130e-05  7.0006780e-05
   438 : -2.9970104e-02 -5.4014687e-01 -2.4332108e-01
   439 :  1.3201330e-01 -3.3919865e-02  3.7738825e-02
   440 :  9.0212265e-05 -7.7324444e-05 -1.2676758e-04
   441 :  5.2554682e-08  1.0227218e-08 -3.0093624e-08
   442 : -4.5817251e-01 -2.7632422e-01 -1.3172786e-01
   443 : -3.5164981e-08 -5.6929653e-08 -3.7966061e-07
   444 : -9.7435914e-06  1.2134156e-06  2.4413561e-05
   445 :  8.1589639e-11 -1.6111878e-10 -1.9847264e-10
   446 : -6.2829021e-02  5.3856111e-01  5.0721341e-01
   447 : -3.1903206e-05  2.2024962e-06  1.0428620e-06
   448 :  1.3491023e-07 -3.2495253e-07  8.0824919e-08
   449 :  9.7022721e-03  7.9310756e-03 -2.0824266e-03
   450 :  1.2433899e-03  1.7523325e-03 -1.6079869e-04
   451 : -5.6357903e-02  3.5513564e-02  5.8294493e-02
   452 : -1.4575963e-04 -4.7699102e-05  2.3438095e-05
   453 : -8.8794785e-06 -1.7556322e-06  1.6556059e-05
   454 :  2.8493170e-01  5.5402679e-02  9.8129678e-02
   455 :  2.0164390e-02 -4.4255924e-02  1.6592087e-01
   456 :  5.3846762e-05 -2.1596327e-06 -3.6196143e-05
   457 : -6.5397256e-07  9.7873315e-06 -2.2265293e-06
   458 :  2.1650166e-02 -3.2644793e-02  4.8482320e-02
   459 :  2.4496234e-03 -6.0209675e-03 -2.1062189e-03
   460 :  1.7910107e-12 -2.7630341e-12 -1.8443246e-11
   461 :  6.5251011e-05  3.8695258e-05 -1.7687843e-05
   462 :  3.5062748e-04  7.2214004e-04 -1.2634755e-04
   463 : -1.3865591e-05  1.0268647e-04 -7.9402400e-06
   464 :  6.8758933e-10 -2.2251854e-09  9.7236008e-10
   465 :  6.7884563e-02  2.9129158e-02  1.6268716e-01
   466 : -5.7076692e-06  5.0514482e-06 -1.0707659e-05
   467 : -1.7680838e-05  3.2256481e-06  2.6469683e-07
   468 :  2.0881555e-01  3.2128512e-01  8.3713079e-02
   469 :  1.2001831e-01 -1.3681360e-02  1.0966556e-01
   470 :  4.9651565e-08 -2.9150699e-08  1.6703785e-08
   471 :  4.1638005e-03  2.5174302e-02 -4.0637413e-03
   472 : -2.3008431e-03 -4.9786684e-02  8.4968284e-02
   473 : -7.6079998e-10  6.0358370e-10  2.0164917e-09
   474 : -6.2016544e-03  9.2184427e-04  2.7914149e-03
   475 : -5.6248906e-06  4.0422313e-06 -1.7893667e-05
   476 : -7.8098889e-03 -5.1574890e-04  2.4273543e-03
   477 : -5.4109503e-10  2.3862522e-09 -2.1125832e-10
   478 : -2.0968859e-02  2.1360200e-03 -9.9880153e-03
   479 :  6.7399593e-02  1.3475057e-01  2.3659809e-01
   480 :  1.5314521e-01  5.1929134e-02  1.3549686e-01
   481 : -9.5312013e-04  3.0766215e-03 -5.9809717e-04
   482 : -7.7903172e-06 -1.3863100e-06  6.0981182e-06
   483 :  1.3775448e-03 -3.2560994e-04  2.4524558e-03
   484 :  6.0770515e-02  6.2951277e-02  2.5613281e-01
   485 :  2.9136427e-04 -3.9071422e-05 -1.6768661e-04
   486 : -2.7160943e-02 -5.7605168e-03  6.3266677e-02
   487 : -1.6272291e-04  1.0904172e-03 -4.2670089e-04
   488 :  1.5568961e-08 -8.3234974e-11 -2.6646190e-09
   489 : -3.0867600e-04  5.6755824e-04  2.0262821e-04
   490 :  9.5148565e-12 -3.5577449e-12 -2.5461687e-12
   491 :  1.4894000e-01  1.1521396e-01  2.7803083e-01
   492 : -9.2573741e-06  7.7635103e-06  3.2738475e-06
   493 :  2.5473549e-05 -3.6319998e-06 -1.9175520e-05
   494 :  6.3383976e-05 -2.1704542e-05  3.3300428e-05
   495 :  2.3313604e-03 -1.0915452e-02 -2.1326598e-02
   496 :  1.5421394e-07 -1.3511389e-07 -1.0384743e-07
   497 : -1.7988402e-04  5.3920372e-05 -3.8892610e-05
   498 :  1.8270870e-02  8.6174867e-03 -1.2488594e-02
   499 :  1.6890874e-01 -3.7407298e-03  6.7181739e-02
   500 : -1.3759009e-02  8.1680460e-03 -2.4355429e-02
   501 :  1.5943537e-07  6.1127625e-08 -2.8977458e-07
   502 : -7.7619320e-03  2.4125373e-03 -2.1600779e-03
   503 : -1.4793247e-02  3.5281019e-03  4.4265458e-03
   504 : -3.3268294e-06  7.8934960e-06 -1.7761035e-06
   505 :  1.7686920e-01  1.8067233e-02  1.1594669e-01
   506 :  8.5906959e-07  9.2951735e-06 -1.9302483e-05
   507 :  7.3774812e-02  5.2236883e-02 -2.9162994e-02
   508 : -1.2355497e-06  4.4292003e-06  4.7630764e-06
   509 :  7.1031596e-08  4.7059534e-09 -2.2820040e-07
   510 :  1.0852624e-02  2.1687474e-02 -2.0919401e-03
   511 :  9.0650283e-02  2.1623904e-01  1.6719848e-02
   512 : -1.3059538e-09  2.7066325e-10 -9.8765598e-11
   513 : -2.8438820e-06 -1.6556400e-05  4.4608662e-06
   514 :  9.3615393e-07  1.4420820e-05  3.4493223e-05
   515 :  1.3463349e-06  5.7841427e-06 -2.4852027e-06
   516 :  1.4976379e-03  7.4919764e-04  3.3380816e-04
   517 : -2.1470173e-02  4.0107449e-02  2.0148170e-01
   518 :  1.1446520e-08  3.1249428e-08 -2.1042171e-08
   519 : -1.9121378e-03  3.0530710e-03  1.6785760e-03
   520 : -5.5215214e-10 -7.1482770e-10  1.1068681e-09
   521 : -1.6160836e-07  9.8188834e-07 -3.2770969e-06
   522 : -1.4596275e-05 -1.0718318e-05  2.4483191e-05
   523 :  3.3935052e-11  2.9998604e-11 -2.3321778e-11
   524 :  1.7472076e-01  1.5166845e-01  3.0087392e-02
   525 : -8.8103121e-06  1.9226026e-05 -2.8659822e-05
   526 : -1.3781662e-04  6.9683761e-05 -7.2725909e-05
   527 : -8.0225630e-08  1.3726190e-07 -2.1470837e-07
   528 :  7.3994698e-02  2.5112954e-01  1.9324817e-02
   529 :  6.5267193e-09  7.2388071e-09 -7.7500063e-09
   530 : -2.8449011e-04 -1.5615305e-04 -8.9771469e-05
   531 : -1.4625834e-05 -2.9462597e-05  2.6388079e-05
   532 :  2.2919678e-05  4.4884878e-05  7.5332766e-06
   533 :  3.0801383e-10 -1.7167444e-09  5.2020211e-11
   534 :  1.3018817e-01  2.1211634e-01  7.1187873e-02
   535 : -3.0467815e-04 -2.9387023e-04  8.9680196e-05
   536 :  2.4517781e-02  9.4863837e-02  1.4007765e-01
   537 : -8.5966093e-03 -9.0096679e-03 -5.2007635e-03
   538 : -1.1381946e-02  1.1976476e-02  3.8255114e-03
   539 :  1.6024164e-06 -2.9006223e-07  3.8196750e-07
   540 :  2.3621813e-01  9.4303752e-02  5.5370872e-02
   541 :  1.1661435e-07  3.7291956e-08 -1.3663344e-07
   542 :  1.2748620e-01  4.4507074e-03  2.7461591e-02
   543 : -3.2307800e-07  2.1528510e-07  2.8448034e-08
   544 :  1.1022322e-02 -2.7210900e-02 -1.0250221e-02
   545 :  8.2403052e-02  1.6750508e-02 -3.7470798e-02
   546 : -1.2169612e-04  4.4010410e-05 -2.5129916e-05
   547 : -5.8172777e-06 -7.7802895e-06  2.9394307e-05
   548 :  3.1414102e-02  6.7724912e-02  1.8148347e-01
   549 :  5.3459023e-12  5.4363621e-10  2.7054185e-10
   550 :  4.0604697e-06  3.5770992e-06  6.7573240e-09
   551 : -4.5362801e-06  3.6853415e-06 -6.1817977e-08
   552 :  1.1878749e-04 -1.3143128e-05  2.2892212e-05
   553 : -1.8208110e-01 -2.3016134e-01 -1.5737050e-01
   554 : -1.0377869e-04  4.1113674e-05  2.9194009e-05
   555 :  1.2662759e-05 -1.9250113e-05 -2.5247039e-05
   556 :  2.3553099e-01  7.7246812e-02  3.7245430e-02
   557 :  1.3079373e-01  1.6984717e-02  8.2765326e-03
   558 :  8.0202899e-02  1.1950962e-02  1.3894572e-01
   559 : -1.1273733e-04  3.1088365e-05 -2.3588694e-04
   560 :  1.8977932e-09 -3.9337872e-09 -1.3617326e-09
   561 : -1.5809775e-02 -2.5254788e-02  1.5287230e-02
   562 : -4.0828289e-05 -2.3766780e-05 -2.3401745e-07
   563 :  2.5182162e-06  2.8892522e-06 -1.4659914e-05
   564 : -4.2746590e-05  1.1629355e-04 -8.4183575e-06
   565 : -1.5254702e-01 -1.6597634e-01 -2.8198670e-01
   566 :  1.5946290e-04 -2.8277442e-04 -1.4917450e-04
   567 :  2.7223003e-05  5.4708471e-05 -7.7011739e-05
   568 : -1.9529014e-07  7.7164377e-10  3.5941885e-08
   569 :  6.4827665e-04  1.6973566e-03  3.2061539e-04
   570 : -2.4244686e-06  3.0250831e-06 -1.2704671e-05
   571 :  2.6478130e-03  6.2200006e-04  1.4330672e-04
   572 : -2.2170284e-12  2.8900101e-12  4.9315712e-11
   573 :  7.5162414e-03 -4.3610134e-03 -1.6714571e-02
   574 :  2.1080150e-01  6.5149962e-02  1.6451193e-01
   575 :  9.9225307e-05 -1.3841554e-05  6.6177462e-06
   576 :  2.2412853e-01  7.9409521e-02  2.2602595e-01
   577 :  5.3621939e-06 -2.2452582e-07 -3.6780677e-07
   578 : -2.4053081e-07 -4.4899451e-08 -2.0961642e-07
   579 :  1.3681867e-01 -8.7733826e-03  5.6251368e-02
   580 :  2.2957946e-03 -7.6799566e-04  3.8979415e-04
   581 :  1.6627600e-07 -7.9545749e-06 -2.7379144e-05
   582 : -4.5669246e-07  1.6238881e-06 -5.0142459e-07
   583 :  1.4070613e-08 -1.0966244e-08  5.0189231e-09
   584 : -2.0435668e-02  2.6414070e-02 -7.3998124e-03
   585 :  1.1576716e-01  3.2770018e-03  1.7541512e-02
   586 :  5.4067625e-07 -1.8348972e-06  3.3866475e-06
   587 : -1.3521962e-01 -1.0886393e-01 -1.5267067e-01
   588 :  3.5493750e-06 -6.5597921e-08 -4.7817005e-07
   589 : -9.4498572e-06 -2.0960569e-05 -2.5463653e-05
   590 :  8.3251041e-02 -4.3184505e-02  1.5128130e-01
   591 : -1.1273574e-06 -1.0299133e-06  7.8792933e-07
   592 : -1.0269397e-01 -1.2745937e-01 -1.5871497e-01
   593 : -1.0851763e-01 -1.2380920e-01 -1.7548291e-01
   594 :  2.9620380e-03  4.8678755e-04 -1.5111133e-03
   595 : -4.3897894e-05 -9.7073886e-05  1.9211211e-04
   596 : -1.3013082e-05  2.7953115e-05 -2.3643081e-05
   597 :  1.9026197e-02 -1.0288574e-01 -8.8158512e-02
   598 : -5.4919293e-07 -2.8619038e-05 -1.7621649e-05
   599 : -1.6649112e-05 -1.2696263e-05  4.1660474e-05
   600 : -1.7833601e-05 -4.4060127e-05  4.3616595e-05
   601 :  3.2752174e-02 -2.6064830e-02 -7.6386566e-02
   602 :  1.2796196e-04  7.0290814e-05 -9.8354122e-06
   603 :  3.9339342e-02  2.7839339e-02  1.4256698e-01
   604 :  3.0835135e-12 -1.5798629e-12 -4.6429859e-12
   605 : -4.6686730e-11  9.5904668e-11 -1.9013986e-11
   606 : -2.7207744e-09  5.4217186e-10  1.0916860e-09
   607 : -4.3248414e-03  9.5422683e-04  7.5328486e-03
   608 : -1.5499737e-06  1.9297605e-06  1.3280891e-06
   609 : -3.0826994e-08 -6.1033593e-10  2.8654544e-08
   610 :  2.5409887e-06 -1.2936174e-05  6.5705703e-06
   611 : -2.0576488e-05 -1.5290604e-05  1.9009357e-05
   612 : -1.1232442e-02  2.2488401e-02 -1.1578527e-02
   613 : -1.6504985e-02  2.9416549e-02  4.4766612e-02
   614 :  6.8091845e-10 -2.7477399e-10 -1.5273685e-09
   615 : -3.0785531e-10  5.7704001e-09 -4.3493440e-09
   616 : -3.6336863e-07 -7.9966221e-07  3.5480538e-06
   617 : -6.8595501e-13 -7.2052054e-14  4.0236962e-13
   618 :  1.4597512e-01  1.1815597e-01  2.6374993e-01
   619 :  2.4670059e-01  8.9549562e-02  1.9568055e-01
   620 :  1.3524540e-01  3.3278756e-02  1.3296581e-01
   621 : -1.9204920e-04 -2.0465685e-04  1.2639334e-04
   622 : -8.3426479e-07  5.6575340e-07 -1.0805834e-06
   623 :  1.3983735e-07 -5.0081546e-07 -3.8486875e-08
   624 :  1.3432417e-07  9.9457497e-08  2.7135213e-08
   625 : -5.1092061e-03  5.6504638e-03 -2.3840846e-03
   626 :  1.7972959e-06  6.7607200e-06 -1.4364343e-06
   627 : -4.6569131e-02  9.0880255e-02  1.0072701e-01
   628 : -3.6638186e-02  1.0764319e-02  7.2280588e-02
   629 :  2.1406118e-01  6.2826459e-02  1.8863535e-01
   630 : -1.4296197e-06  5.8309096e-06  3.8614869e-06
   631 : -8.4941648e-06 -5.7184412e-06  5.0632476e-06
   632 : -6.8688615e-06  2.9598339e-05 -1.6201712e-05
   633 :  1.2848263e-04 -3.7208713e-04  1.7557738e-04
   634 :  9.1051476e-06 -2.4429045e-04 -6.7802542e-04
   635 : -2.3242196e-09  2.3972098e-10  5.8609207e-10
   636 : -7.3235561e-06 -8.0730325e-06 -1.5484334e-07
   637 :  1.0866785e-03 -2.9839789e-04 -2.7932210e-04
   638 : -5.3492270e-04 -3.3117941e-04  1.1153038e-03
   639 : -7.4808862e-05 -1.9101379e-04  1.0271604e-04
   640 :  5.1815900e-05 -1.1009192e-05 -1.0100751e-05
   641 : -6.2279951e-07 -1.0663995e-09  3.3902576e-07
   642 :  4.3014060e-07 -6.2308572e-07 -5.5836803e-07
   643 :  2.1416291e-01  7.0826568e-02  6.8959055e-02
   644 :  4.7337984e-02  1.9394911e-01  1.3003696e-01
   645 : -9.0881256e-04  1.0426434e-03  1.7801806e-03
   646 :  2.0334109e-03 -2.7863020e-05 -6.6958058e-04
   647 :  9.3636469e-05 -3.4085934e-04  4.4301532e-05
   648 :  6.1469182e-05 -1.1438003e-05  1.1450152e-04
   649 :  1.5070281e-10 -3.9521388e-10  2.9857469e-10
   650 : -2.8299087e-04 -7.4065429e-05 -1.1753166e-04
   651 :  1.7345053e-04  1.0474485e-03 -3.3564000e-04
   652 : -1.3063103e-11  1.5957535e-11  3.9004770e-11
   653 :  3.2786316e-11 -3.4223650e-12 -1.1732435e-11
   654 : -1.8630373e-05 -3.3558653e-06  5.9844341e-06
   655 :  1.2911316e-06 -1.8214775e-05 -1.6542872e-05
   656 : -3.7446286e-10  4.8013759e-10 -2.0597404e-09
   657 : -6.6052607e-10  9.6504378e-10 -7.2724000e-10
