Number of elements 658
     0 :  1.6228476e-03  1.5313078e-03 -7.0426954e-04
     1 :  1.6740776e-04 -3.8571126e-04 -4.1438130e-04
     2 : -2.1422849e-05  1.1384483e-05  3.4442821e-05
     3 :  1.2915666e-13 -1.8186779e-13  1.3576552e-14
     4 : -9.9320016e-12  7.9471423e-11 -8.4606666e-11
     5 :  4.6696972e-10 -2.3175434e-10  3.2472203e-10
     6 : -2.7444778e-08  3.9785353e-08 -4.3112961e-08
     7 :  9.3682852e-03 -1.5844381e-02 -6.7962241e-03
     8 : -3.7541492e-03  1.8887568e-02 -4.3671385e-03
     9 : -2.4845259e-11  3.7488247e-11 -9.2898478e-11
    10 : -4.6727448e-10  1.4195475e-09 -1.8986860e-10
    11 :  1.1493247e-11 -1.2578246e-11 -1.0833522e-11
    12 : -1.6612103e-01  1.3894193e-01 -6.2773260e-02
    13 :  6.7823877e-08  1.2942722e-07 -6.8725817e-08
    14 : -2.2555950e-04  4.7945322e-05  4.8210931e-05
    15 :  1.2224168e-01  4.3632555e-01  4.0273199e-01
    16 :  1.6013338e-01  6.0578738e-02  1.5091468e-01
    17 :  1.2841715e-14  4.6181371e-14 -3.1402859e-14
    18 :  8.1854202e-08  2.4276095e-08 -1.3408701e-07
    19 : -1.6900411e-08  7.9170175e-08  2.8820526e-08
    20 : -1.8367208e-10 -1.0564415e-10  3.8721086e-10
    21 :  5.3408382e-02  7.0465946e-02 -2.5127005e-02
    22 :  7.3821967e-07 -8.1728368e-08 -1.8736709e-07
    23 :  6.2160760e-01  6.0170206e-01  4.3922835e-01
    24 : -1.3331296e-02  9.0799690e-02 -1.4414881e-01
    25 :  2.7959559e-01  5.7931136e-02  1.7547796e-01
    26 :  1.7562612e-03 -7.7607298e-03 -5.9234026e-03
    27 :  2.8692821e-11 -4.5179015e-11 -2.5525673e-11
    28 : -3.0455589e-06 -1.2439509e-07  7.7410487e-07
    29 :  6.2732221e-01  5.9589928e-01  6.6786866e-01
    30 : -8.9691857e-13 -8.7339266e-13  9.9303846e-12
    31 :  5.9500673e-01  2.6617809e-01  1.6175813e+00
    32 :  4.6675538e-01  1.9695298e-01  8.1278904e-02
    33 :  9.3232765e-05 -8.0160275e-05 -9.9813954e-05
    34 :  3.1419743e-08  1.1003177e-08 -1.0836510e-08
    35 : -4.1362241e-13  4.2494908e-14  1.8017153e-13
    36 : -4.0418899e-02  6.1193557e-02  1.6037906e-01
    37 :  6.7540066e-04 -4.2944122e-04 -1.5883177e-04
    38 : -1.1212715e-01  7.8679048e-01  5.2596178e-01
    39 : -4.7169129e-04  4.3106168e-04  1.1698546e-03
    40 : -3.9965720e-08 -6.4478091e-07 -3.3372069e-07
    41 :  4.7631262e-01  1.4139887e-01  1.5621027e-01
    42 :  1.1972097e-11 -6.6563323e-11  9.3016008e-12
    43 : -4.4937268e-02  1.8752383e-02  2.1417913e-02
    44 :  5.4447933e-01  6.2003399e-01  5.3920449e-01
    45 :  1.3983079e-01  4.9003566e-01  2.6143482e-01
    46 :  5.7224602e-05 -2.7045224e-05  5.1498696e-05
    47 :  1.5577804e-13 -7.7147971e-14  6.6657125e-14
    48 : -6.8599143e-06 -4.2320498e-06  1.5065431e-05
    49 : -1.1449744e-01 -4.0082886e-02  6.2426643e-01
    50 :  4.1716678e-04 -1.0306356e-04 -8.9126603e-05
    51 : -1.7696162e-02  1.1348938e-01 -2.4223119e-02
    52 :  9.0741732e-03  5.9871110e-01  2.3133900e-01
    53 :  1.7380575e-05 -1.0132430e-05  3.9706700e-05
    54 :  3.5089790e-01 -1.0435236e-01  8.3062201e-03
    55 :  1.4342561e-02  1.4492934e-01 -1.2125298e-01
    56 :  4.7601593e-03 -9.6850560e-02 -1.2069083e-01
    57 : -9.0900566e-02  1.0153498e+00 -2.4259127e-01
    58 :  1.8091198e-15  1.3876245e-15 -5.1744185e-15
    59 :  3.3831308e-03 -2.5493872e-03 -1.8666989e-02
    60 : -2.3562824e-02 -2.5797503e-02  4.5581816e-03
    61 :  7.9183377e-02 -5.3901941e-02  1.4989203e-01
    62 : -9.0576691e-09  5.3103689e-08 -1.4634393e-08
    63 :  1.5480327e-01  9.8654416e-02  2.8087605e-01
    64 : -5.0749887e-08  1.2933265e-07 -1.3153159e-08
    65 :  1.5306208e-01  8.1592985e-02 -3.6452425e-02
    66 :  1.8255964e-08 -4.0827843e-08 -2.3044201e-08
    67 :  1.8768046e-01 -1.7736981e-01  1.2359850e-02
    68 :  2.3508639e-02 -1.2944688e-01 -1.9333740e-01
    69 :  5.1594156e-01  8.5641727e-02  3.1162411e-01
    70 :  6.4657157e-04 -2.4944196e-04 -2.9348419e-04
    71 :  2.9001764e-02 -2.0916333e-02 -2.0702929e-02
    72 :  1.9309755e-01  3.9354976e-01  7.3631307e-02
    73 : -9.8147184e-03 -3.1311698e-03 -4.7996073e-04
    74 :  2.3870452e-12 -2.9862535e-11  1.7330706e-11
    75 :  3.6925218e-12  8.2806509e-12 -1.5231767e-12
    76 :  3.4773445e-01  1.0553476e-01  3.3280214e-02
    77 : -1.2368720e-07  8.6719219e-08 -1.6051254e-07
    78 :  2.9206858e-06  1.6824831e-07 -2.7828354e-06
    79 :  7.1176263e-12 -7.1802525e-11  5.1758570e-11
    80 : -1.4335944e-12  2.9505426e-12 -1.0606999e-13
    81 :  1.2747875e-06 -1.4096866e-06  2.3502035e-06
    82 : -1.3061582e-12  1.3681357e-12 -3.1033280e-12
    83 :  9.1291709e-08 -2.4885100e-08 -2.4787469e-07
    84 :  1.1224949e-01  2.6175504e-01  4.4339851e-02
    85 :  1.4725220e-03  1.1766951e-03 -3.3453024e-03
    86 : -2.6230335e-10  3.3406225e-10  2.4241117e-10
    87 :  4.1060430e-10  6.6362949e-09 -4.2450186e-08
    88 : -2.9972336e-01  5.6852113e-02 -1.3753076e-01
    89 :  5.8495497e-05 -1.6870235e-06  2.4980809e-05
    90 :  1.8405377e-01  2.6422569e-02  5.3238177e-02
    91 :  4.8540611e-01  1.7739610e-01  8.0267686e-01
    92 :  1.1588222e-05  3.4648848e-07 -5.1092331e-06
    93 :  2.3460786e-03  1.8148764e-03 -6.0058505e-03
    94 : -1.9648741e-01  5.7025597e-02 -1.0527487e-01
    95 :  6.7068608e-02 -6.9153080e-02 -1.9764408e-01
    96 : -9.1752126e-07  2.1276815e-06 -5.1208561e-06
    97 :  2.6154029e-02  7.7814650e-02 -2.4193737e-01
    98 : -3.7413646e-02 -1.2056707e-02  6.7749327e-03
    99 :  1.1119355e-07 -2.4702199e-07 -2.3678241e-07
   100 : -8.5355380e-07  4.2363769e-07 -5.5081410e-07
   101 :  8.8631636e-06  2.9234408e-05 -3.1955987e-06
   102 : -1.3465162e-01 -3.2050806e-02 -3.6670706e-01
   103 :  1.7943797e-01  4.4420424e-01  5.3817905e-01
   104 : -4.1887543e-04 -8.1819378e-04  1.5194266e-03
   105 : -9.5895996e-09  6.3363822e-09  5.5916063e-09
   106 : -3.1148676e-04  8.9374661e-04 -3.3635551e-04
   107 : -7.2279048e-09  3.2790269e-09  8.9191146e-09
   108 : -1.4932702e-09  1.3168576e-09 -7.3705717e-12
   109 : -8.4897514e-07  1.6264754e-07  3.6096955e-07
   110 :  4.4255518e-03  2.1748997e-02 -4.5154439e-03
   111 : -1.4803419e-07  4.8051475e-08 -1.5735409e-08
   112 :  1.1148091e-03  6.9037311e-04 -8.8739949e-04
   113 :  1.3244996e-01  4.1869482e-02  1.9824394e-01
   114 :  5.5914828e-03  2.7174780e-01  6.2065886e-02
   115 :  1.2664590e-01  3.8964029e-01  5.7592827e-01
   116 : -1.6251612e-08  1.4380057e-07  9.2415741e-08
   117 : -8.8166762e-05  1.6807521e-03 -4.7430663e-04
   118 :  4.0275749e-01  7.3110998e-02  8.4148835e-02
   119 : -1.1013598e-05  8.5229113e-06 -2.0405289e-05
   120 :  4.4408606e-01  6.0100125e-01  1.1043235e-01
   121 : -1.7051360e-09  2.0817568e-09 -1.8818388e-10
   122 :  7.7272035e-01  3.4983695e-01  8.2557458e-01
   123 :  1.7418506e-01  3.2747385e-01  6.9864182e-02
   124 : -4.5123343e-04  4.1432048e-05  1.3115408e-05
   125 :  1.2120575e-09 -1.5230111e-09  3.5899234e-10
   126 : -4.8426279e-07 -1.0904990e-05  3.5753510e-06
   127 : -1.2860162e-08  8.8220876e-09  1.0114678e-08
   128 : -3.1702010e-06 -1.0412285e-05  3.0950061e-06
   129 :  1.4336044e-01 -5.6523509e-02  2.1327615e-01
   130 :  2.9871357e-08  3.5171354e-08 -1.6935040e-07
   131 :  2.6250120e-01  3.2085844e-01  5.9882599e-01
   132 :  3.1590463e-09 -2.4504415e-08  1.1596064e-08
   133 :  1.4118612e-10 -4.0047401e-13 -1.4279209e-10
   134 : -1.3647060e-01  9.2710156e-02  1.6124290e-01
   135 : -1.6876025e-01  4.9435262e-01 -2.0842458e-01
   136 :  6.4620081e-06 -1.9034743e-04 -3.0094569e-05
   137 : -1.4328085e-13 -3.9603945e-14  2.0720457e-13
   138 : -3.4167909e-10  5.8474825e-10  1.0620757e-10
   139 :  1.8016153e-02 -3.5106121e-02 -3.6089989e-02
   140 :  5.9955679e-05 -8.9483421e-05  3.0476538e-05
   141 :  5.1107760e-08 -1.3486713e-07  1.4592382e-08
   142 :  3.9971511e-01  3.6611195e-01  5.2649739e-01
   143 :  1.4773452e-07 -4.1308050e-08 -1.3456975e-07
   144 : -1.2472257e-05 -7.1502903e-06  5.5433350e-05
   145 : -7.1659642e-12  9.4944655e-12  1.0417771e-11
   146 :  3.4390954e-02 -1.9784524e-02  5.8656731e-02
   147 :  1.8760962e-01  4.2396956e-02  1.5573978e-02
   148 : -3.5195839e-09  2.6781216e-09  8.6604960e-09
   149 :  8.1440112e-06 -4.3049658e-03 -6.8194351e-03
   150 :  6.9450770e-08  6.4583703e-08 -2.5217191e-08
   151 : -1.8283605e-01 -4.7863496e-03  9.6132715e-02
   152 : -1.5088463e-12  5.9982535e-13  3.0118880e-13
   153 :  2.5276479e-01  3.8381077e-02  5.8530827e-02
   154 : -1.5053688e-07  3.0003555e-07 -5.9719121e-07
   155 :  8.2401465e-05  3.5530768e-05  4.4897449e-05
   156 : -1.3808428e-08  9.2380065e-09 -3.5298769e-09
   157 :  3.9766606e-01  2.4536945e-01  8.1973062e-02
   158 :  7.2281025e-03  2.1539603e-01 -8.6771771e-02
   159 : -6.6594069e-07  8.6125442e-07  2.3102456e-06
   160 :  1.2302649e-01 -3.5881942e-02  1.3332272e-01
   161 :  6.5568132e-01  7.8866381e-01  4.3545925e-01
   162 : -5.4653411e-02 -3.2617175e-01 -5.7984433e-02
   163 :  5.0246029e-02 -1.9473624e-01  5.6971701e-02
   164 : -1.6068362e-01  3.4236594e-01 -3.0149431e-02
   165 :  3.1805124e-01  2.6407681e-01  3.7683369e-01
   166 :  1.8790479e-01 -5.6839723e-02  7.0625018e-02
   167 : -4.9629278e-09  1.2873811e-09  1.9786184e-09
   168 :  6.0574570e-04  1.2320668e-03  3.8993261e-05
   169 : -7.3982369e-09 -8.6734238e-09  6.1312047e-09
   170 :  6.2426833e-06  5.3645005e-05 -1.3244166e-04
   171 : -1.9279668e-07  8.6115232e-08 -2.4874230e-07
   172 : -1.3340961e-05 -1.0406760e-04 -2.4125092e-04
   173 :  1.4627552e-01 -6.9026602e-02 -5.7999805e-02
   174 :  1.0219958e-07 -1.3966334e-07 -1.2980176e-07
   175 :  4.1131926e-06 -7.5013560e-06 -1.5653890e-05
   176 :  2.4939220e-06 -1.6670557e-06 -1.2000933e-05
   177 :  3.5268980e-01  1.8394937e-01  1.2801850e-01
   178 :  2.4744930e-01  1.0862323e-01 -5.9500056e-02
   179 :  4.2821033e-01  1.4658348e-01  2.1830611e-01
   180 : -1.2150215e-01  6.7223902e-02  3.9097342e-01
   181 : -1.1426176e-01  5.0291494e-02  1.1377403e-01
   182 : -1.4896119e-03 -1.1534422e-01 -4.4113054e-02
   183 :  9.8916646e-10  1.9827989e-10 -8.4020195e-09
   184 :  4.3120942e-01  2.3242198e-01  2.2642463e-01
   185 : -1.4691777e-16 -1.7041782e-15  1.0699324e-15
   186 :  3.7832983e-06 -6.5572355e-06 -6.2278277e-06
   187 :  3.5704018e-01  4.7328615e-01  4.6853446e-01
   188 :  1.5419015e-08  2.1812995e-08 -5.4357798e-08
   189 :  4.0451459e-11  1.8230123e-11  5.8310615e-10
   190 :  2.5727374e-01  1.3705846e-01 -7.8471384e-02
   191 :  4.6642183e-03  1.5739152e-01  4.8018244e-02
   192 : -2.3298209e-01 -3.5451920e-01 -6.6354195e-02
   193 : -6.1743185e-06  3.5048966e-06 -1.3901030e-05
   194 :  7.4115536e-09 -4.8731746e-08  3.1917000e-08
   195 : -1.3098513e-11  3.0025063e-11 -3.4007527e-11
   196 : -3.2164594e-07  1.2862396e-07 -1.6063948e-07
   197 :  5.9101500e-02  3.1754865e-01  7.9183861e-02
   198 : -7.8909919e-11 -1.0228116e-11  6.2977421e-11
   199 : -2.1311315e-07 -9.4535297e-09  2.8503614e-07
   200 : -2.0305430e-10  3.1841349e-10 -5.6298834e-11
   201 :  2.7635452e-01  1.9088231e-01  3.3232440e-01
   202 :  7.4412387e-03  8.6785038e-01  9.8747281e-01
   203 : -4.9306658e-11  1.2817789e-10 -2.1411494e-11
   204 :  1.0053085e-01  8.1269675e-02  3.1798297e-01
   205 :  2.7464418e-01  9.7665744e-01 -1.3177453e-01
   206 :  3.6749245e-01  1.7057845e-01  4.2186117e-01
   207 : -2.8172095e-10  9.3887236e-11  4.6643410e-10
   208 :  4.5250603e-01  6.2523309e-02  5.4123389e-01
   209 :  1.3015031e-11 -2.0414755e-11 -6.8173068e-12
   210 :  9.2061059e-02 -2.1801317e-02 -4.6172543e-02
   211 : -5.7454962e-03  1.9577785e-03 -1.5928092e-04
   212 : -1.6629466e-01  3.4342410e-01  1.4021797e-01
   213 : -1.0103868e-01  1.9733701e-01  8.2007333e-02
   214 :  1.3142852e-03 -6.7183899e-04  2.3415085e-04
   215 :  3.9412822e-08  2.1660655e-08 -7.1759697e-08
   216 :  4.4269221e-01  3.3989137e-01  2.5767980e-01
   217 : -1.1824310e-11  9.2184296e-12 -1.0811877e-11
   218 :  6.6950303e-02 -2.5809344e-02  8.1690706e-02
   219 :  2.4428427e-01 -1.4967861e-01 -4.6175771e-02
   220 : -8.1290409e-08  2.8183715e-07  1.9396062e-07
   221 :  2.3641196e+00 -2.8056080e+00  2.1628332e+00
   222 :  1.3276116e-11  2.4936464e-14 -3.3281811e-12
   223 :  3.2267875e-01  3.3439494e-01  1.0325168e-01
   224 : -3.2593026e-07  3.7819909e-07  2.6976555e-07
   225 : -4.1822230e-08  5.4006910e-09  7.7727328e-09
   226 : -2.8070935e-07  1.2082959e-06 -4.6629517e-07
   227 :  2.8750657e-10  1.2379698e-10 -7.6345941e-11
   228 :  2.9915849e-13 -1.0376938e-13  5.5159801e-14
   229 : -3.3240559e-07  1.2703651e-06 -6.6535134e-07
   230 : -2.8568564e-10  5.0186900e-10 -1.8980172e-09
   231 :  1.0178990e-04 -7.5569052e-05 -2.3446797e-04
   232 : -9.4570323e-10 -1.6759673e-10 -1.9667966e-10
   233 : -3.0554318e-03  1.1206650e-01 -1.0994689e-01
   234 : -1.1341707e-07  5.2823386e-08  6.5851783e-08
   235 :  3.5876721e-08  3.4958058e-08 -7.2830937e-08
   236 : -1.9932651e-04  6.7698695e-05 -1.5174261e-04
   237 : -3.2514463e-01  8.0337125e-01  2.3546051e-01
   238 :  3.7129925e-15 -2.0017713e-15 -6.5824679e-15
   239 :  3.3065056e-01  4.0775394e-01  1.6058019e-01
   240 : -3.0363823e-08 -2.3650777e-09  1.5638985e-08
   241 : -8.8831974e-03  2.5812965e-03 -9.2246474e-03
   242 :  2.5610020e-05  3.2997730e-06 -4.2871403e-06
   243 : -6.7368594e-02  1.6383764e-01  3.3497767e-02
   244 :  4.2445816e-01  7.8559448e-01  1.0183989e+00
   245 :  1.3786103e-06  2.6828364e-07 -3.4420849e-06
   246 :  5.9720819e-16 -1.3604756e-15  4.1775292e-16
   247 :  2.7903523e-02 -1.3217030e-02 -1.5879769e-02
   248 :  4.5383360e-01  1.5431419e-01  8.2498977e-02
   249 : -3.4823654e-07 -3.9699854e-07  1.2805098e-06
   250 : -1.3615779e-01  2.3879672e-01 -7.3806557e-02
   251 :  4.8569347e-07 -4.0851034e-09 -9.3005942e-07
   252 :  2.8363430e-01  5.0973275e-01  6.4262106e-01
   253 : -4.0186779e-06  1.0544645e-06 -2.0807735e-06
   254 :  4.7088954e-02  4.2108910e-01  5.8873875e-01
   255 :  3.3426794e-02 -2.3145427e-03 -1.7074599e-02
   256 :  3.4731501e-03 -2.3371739e-03  5.0346377e-04
   257 : -8.6104111e-12  1.0112055e-11  1.3966787e-12
   258 :  6.4575660e-08 -1.5623771e-08  2.7020349e-08
   259 :  1.6354045e-14  5.1269213e-15 -4.7993125e-14
   260 : -1.0320844e-12  3.6631964e-12 -1.5265651e-12
   261 : -7.7775957e-03  3.6217620e-01  8.7026932e-02
   262 :  4.7601544e-03 -1.7474720e-02 -1.0695160e-02
   263 : -1.8062413e-07  2.3193391e-09  1.5678209e-07
   264 : -2.7345729e-09  4.7977338e-10  1.0226071e-09
   265 :  6.3128296e-08  1.2807464e-07 -1.9620220e-07
   266 : -8.2125870e-06  4.8084848e-05 -7.3259242e-06
   267 :  3.3910257e-01  1.9064006e-01  2.8904724e-01
   268 :  4.2223427e-03  2.6076915e-03 -2.0024385e-03
   269 :  2.8209329e-05 -6.2060968e-06 -1.1401189e-05
   270 : -6.8697183e-06 -9.2499849e-06  5.2437744e-05
   271 : -3.3139767e-06  6.5440815e-06 -1.2427817e-05
   272 :  3.6910623e-01  2.7312629e-01  5.5804306e-02
   273 : -9.6283264e-04  2.4761936e-03 -2.2648220e-03
   274 :  1.3472584e-01  2.3744231e-01  2.8837099e-01
   275 :  7.6830961e-10 -9.0326862e-10 -1.3803098e-09
   276 :  6.0432487e-06 -7.9600074e-06 -1.1897169e-05
   277 : -5.6543711e-09  3.9251328e-08 -8.7576694e-09
   278 :  2.8198043e-03 -3.7093437e-03  1.2613744e-03
   279 : -3.9539792e-04 -1.0551266e-04 -9.9430588e-05
   280 :  1.2143418e-05 -1.9374604e-05 -4.8956868e-07
   281 : -6.0688685e-03  7.8195294e-04 -5.3385874e-04
   282 :  8.8466234e-13 -2.0220372e-12 -3.4006410e-12
   283 :  5.5396610e-01  3.1861344e-01  3.1605633e-01
   284 :  5.4791384e-05 -1.0647355e-04  3.1129292e-05
   285 :  4.1983072e-05 -1.0317976e-06 -2.0707328e-05
   286 :  2.0483708e-03  6.4704266e-04 -7.1646827e-04
   287 : -2.8103664e-02  1.0136978e-02 -1.4360140e-02
   288 :  1.8032780e-12 -7.2379464e-13  2.2597171e-12
   289 : -5.3181759e-09  3.8633463e-08 -1.3403870e-08
   290 : -9.2318264e-08  1.6292613e-07  2.4100135e-07
   291 :  2.3655644e-03 -1.3241849e-04  1.3376200e-03
   292 :  1.4225155e-11 -5.7708352e-12  1.8507257e-11
   293 : -3.8040070e-09 -7.1614982e-09  3.7359852e-09
   294 :  2.4186869e-06 -2.5860463e-06 -3.9312148e-06
   295 :  3.1198233e-01 -9.9242827e-02  2.3396824e-02
   296 :  6.1939271e-04 -2.8472500e-04 -4.0806112e-04
   297 :  6.8182541e-02  3.0859031e-02 -2.9944549e-02
   298 : -2.9827400e-07  1.1305280e-06 -2.2032452e-07
   299 :  3.5436600e-05  4.1578208e-05  2.0384769e-05
   300 :  3.1502457e-05 -1.1198777e-05 -6.8962040e-06
   301 :  3.5214776e-03  1.1069896e-04 -3.8311370e-04
   302 : -2.7393510e-01  9.0896100e-02 -1.1941022e-01
   303 :  2.1701404e-06  3.4592461e-06 -1.3703192e-05
   304 :  2.8738821e-01  3.2605202e-01  3.7382249e-01
   305 :  2.4578172e-10  8.4755133e-11 -1.6472852e-10
   306 : -2.1807803e-09  5.7775991e-10  5.2166212e-10
   307 :  3.2548937e-04 -8.3135373e-05 -2.2368630e-04
   308 :  1.7869309e-02 -3.2482104e-02  2.0386117e-02
   309 :  9.3542381e-02  2.3991639e-01  2.2318558e-01
   310 :  2.3842634e-01 -6.4746223e-03  7.0099267e-02
   311 :  8.4563586e-07 -1.7266622e-06 -2.0222224e-06
   312 :  1.1854163e-03  1.2880119e-03 -1.5666877e-04
   313 :  1.3723918e-08 -1.2542266e-07  1.6142785e-07
   314 : -2.7155472e-01 -1.7937908e-01  1.0143384e-01
   315 : -2.8285334e-04 -2.9395317e-04  9.6059718e-05
   316 :  1.3693829e-06 -1.3812094e-06 -1.3965240e-08
   317 :  1.9630113e-06 -3.6816471e-07  3.4392862e-07
   318 :  5.2575861e-02  3.4828348e-02  1.8105528e-01
   319 :  2.4714369e-03  7.6235615e-04 -2.7464478e-03
   320 : -7.6535174e-03 -8.0631633e-03 -6.0948429e-04
   321 : -3.3125838e-04 -5.2226018e-05  5.2723073e-05
   322 :  2.1614232e+00 -1.3546698e+00  6.8955586e-01
   323 :  2.2512517e-01  1.9358470e-01  1.7851205e-02
   324 :  1.2445509e-01  1.8137090e-01 -3.1218066e-02
   325 : -1.9664497e-12  1.4161917e-11 -3.0394503e-11
   326 :  7.4373142e-05  1.2744289e-04 -2.9466785e-04
   327 :  4.3857149e-02 -2.4905034e-02 -2.0722431e-02
   328 : -3.1164389e-12  1.4289509e-11 -5.6804548e-12
   329 : -1.6391550e-01  4.6817792e-01  7.1245550e-01
   330 : -4.2215719e-03 -6.0855258e-03 -5.0266389e-04
   331 :  2.1779625e-01  6.6751128e-02 -7.9581541e-04
   332 :  1.1643830e-06 -9.3951683e-07  1.9064705e-06
   333 :  5.2180981e-04  4.6763914e-02  2.5553402e-02
   334 :  1.5060168e-04 -3.4531079e-04 -2.8699585e-05
   335 :  1.2704530e-06 -3.2954764e-07  4.8389814e-07
   336 :  5.4012535e-05 -4.7896940e-06 -1.1827119e-07
   337 : -1.1769865e-05  4.1271687e-06  5.2756308e-06
   338 : -2.1439413e-05 -4.7214442e-05  3.6670349e-05
   339 :  3.5677410e-04  6.2213590e-02 -1.8312488e-02
   340 : -2.1125819e-12  4.1941805e-12  1.2159999e-11
   341 : -1.5680256e-07  2.6557157e-06 -2.2050562e-06
   342 : -2.5174280e-07  1.0554896e-07 -5.2768249e-07
   343 :  8.7584572e-05  8.4833627e-05  8.6401681e-06
   344 : -2.5099632e-04 -5.5866756e-05  7.6174081e-05
   345 :  2.1788613e-03  4.6782769e-02 -1.1601737e-02
   346 : -4.3371033e-04  1.6055661e-03  5.0138742e-04
   347 :  5.4769409e-05 -1.1730355e-04 -3.7347163e-05
   348 :  9.4296196e-13  7.8302097e-12 -2.5021338e-12
   349 : -5.3682345e-03  1.1679298e-03  4.5614329e-04
   350 : -1.4569434e-04  8.7801860e-05  5.0052352e-05
   351 :  6.0344822e-02  6.8384744e-02 -1.5637077e-03
   352 :  1.9464439e-06 -4.4045026e-06 -5.0012794e-06
   353 :  7.9224033e-03  5.2344234e-02 -5.1382380e-03
   354 :  2.6147014e-08  4.5504897e-08 -8.7014787e-08
   355 : -1.0620428e-05  2.0696710e-06 -5.4547935e-06
   356 :  2.9227087e-08 -4.6249038e-07  3.6204450e-07
   357 : -2.8458745e-08 -6.5843725e-09  1.4264258e-08
   358 : -9.5306068e-06  8.8845281e-06  2.0701628e-05
   359 : -1.9805823e-08 -3.0702178e-08  1.6061448e-08
   360 : -9.4765163e-06 -2.6582523e-06  3.3590790e-06
   361 : -3.4419475e-04 -2.2752465e-04  1.7103046e-03
   362 : -3.9139453e-07  2.5616763e-07  8.6049691e-07
   363 :  1.0743039e-05  1.9044267e-05  5.7615688e-05
   364 : -5.4414688e-06 -7.9631082e-06  1.9376630e-05
   365 :  9.1324054e-04 -8.6974721e-04  6.1881954e-04
   366 :  7.4050298e-02  1.7242574e-01 -2.1642544e-01
   367 :  1.1792043e-01  1.2727161e-01 -6.4563749e-02
   368 :  5.0458085e-04 -1.2245802e-04 -6.9866738e-04
   369 :  1.4466803e-01  5.1314014e-01  1.6163082e-01
   370 : -3.4804160e-12  7.4089937e-12 -8.4897487e-12
   371 :  3.1744675e-01  1.6741738e-01  1.4883921e-01
   372 : -3.0447136e-15 -1.3769875e-14  2.4687598e-14
   373 :  1.0971836e-08 -1.1200791e-08  4.3628115e-08
   374 : -1.9084192e-09  1.1110946e-09 -3.7581914e-09
   375 : -8.8892926e-07  2.1179502e-06 -1.2737062e-06
   376 :  3.8997723e-06 -6.6636209e-05  3.4404815e-05
   377 : -4.0485704e-07 -4.0526229e-06  7.8017214e-07
   378 :  4.3155017e-10 -8.2180753e-10 -5.2712323e-12
   379 :  2.0369979e-02  1.7602498e-03 -3.2172767e-03
   380 :  8.0226314e-06  7.4204589e-05 -6.0108024e-05
   381 :  8.8438122e-08 -9.6082198e-08 -2.0294016e-08
   382 : -3.5661904e-09  5.3013315e-09  2.5348967e-09
   383 : -1.1338793e-16  1.7686653e-15 -3.4932005e-15
   384 : -2.2929737e-07  2.9356133e-07 -2.4210104e-08
   385 :  2.4988807e-01  1.4476811e-01  2.3176427e-01
   386 : -4.1116765e-07  2.1908365e-06  2.2211494e-06
   387 :  8.3391473e-11 -1.2873975e-09  1.0400455e-09
   388 :  2.6260840e-05 -6.8825003e-06 -4.4170520e-06
   389 : -5.9109455e-07  2.1030002e-07  1.6989055e-06
   390 : -2.2806065e-07  1.4764455e-07 -2.6526347e-07
   391 :  3.5001497e-01  2.8702316e-01  1.4826658e-01
   392 :  3.1123369e-07 -7.7574562e-08  9.6980189e-08
   393 :  5.3954405e-06 -1.3616461e-05 -2.2792967e-06
   394 : -2.1150236e-06 -9.1384813e-08  6.8336704e-07
   395 : -8.1432302e-05  2.2419298e-05 -1.5867054e-04
   396 :  4.6277454e-04  1.1363999e-03 -1.7627602e-04
   397 :  4.6776502e-02  1.3594527e-03 -5.1166922e-03
   398 :  2.6189735e-12  3.8683850e-12 -1.7076107e-11
   399 : -1.2330134e-08 -7.1431552e-08  1.9597227e-07
   400 : -3.8213330e-07  8.7339825e-07  5.9568012e-07
   401 :  2.8388948e-03 -2.8261726e-03  8.8858631e-04
   402 : -4.0200428e-03  2.2930729e-04 -2.7647983e-03
   403 : -1.5756412e-05  4.9970354e-05  2.8748280e-05
   404 :  2.0835006e-07  3.9256462e-07 -6.7082256e-07
   405 :  1.9593966e-06  5.7488670e-07 -2.3798768e-06
   406 :  4.6645082e-02 -2.3008898e-02 -2.1233009e-02
   407 : -7.3810363e-07  1.5017367e-07  2.4610657e-07
   408 :  1.7181133e-08 -2.1401274e-08  3.8215399e-09
   409 : -1.0351014e-05  2.8920374e-06 -5.4381814e-06
   410 :  3.0813517e-07 -3.3080123e-07 -2.4373969e-07
   411 : -9.0731173e-06 -1.2322062e-05 -1.6064482e-06
   412 :  7.3834401e-05  1.6834839e-05 -6.7674271e-05
   413 : -1.1173877e-05 -6.1779669e-06  3.1902435e-05
   414 : -1.3376564e-05  6.1007795e-06 -2.1894583e-05
   415 :  1.7101447e-06 -3.7638112e-06 -2.0522189e-06
   416 : -9.9678514e-09  9.1341590e-09 -1.6750322e-08
   417 :  2.4849472e-01  1.0409722e-01  5.4699807e-02
   418 : -4.4836859e-03  6.2347041e-03  9.4227371e-03
   419 :  4.5149402e-02 -1.8078326e-02 -2.0656779e-02
   420 :  1.9753137e-03 -1.5258748e-02  5.4629891e-03
   421 :  8.2702121e-04 -3.6406316e-04  8.8036858e-04
   422 :  5.9538842e-12 -3.6654222e-12 -1.5751010e-12
   423 :  2.7502934e-05 -5.5750205e-06 -1.2917913e-05
   424 :  4.4708964e-02  1.9617669e-01  4.0627072e-02
   425 : -1.2591827e-10 -2.4679401e-11  1.7565362e-10
   426 :  5.6350641e-05  3.4019653e-05 -8.3347978e-06
   427 :  3.3301857e-03  1.2689321e-01  9.7006023e-02
   428 :  3.7341737e-08 -1.0989934e-08  6.6001487e-08
   429 :  6.1319283e-08 -1.1772471e-08  1.5799680e-09
   430 :  3.2586557e-01  2.1241943e-02  9.8749429e-02
   431 : -8.2737321e-04  6.7085031e-04 -3.0587225e-04
   432 : -5.9298222e-03 -1.1442879e-03  2.0134250e-03
   433 :  9.1182813e-07 -2.0435736e-07  1.4886455e-07
   434 : -8.6416465e-07 -3.6328888e-07  1.8394959e-07
   435 :  2.1408887e-04 -2.8012347e-04  2.8239037e-05
   436 :  4.3353815e-01  1.3829765e-01  1.7498535e-01
   437 : -1.2842799e-05 -4.1551447e-06 -8.7592968e-06
   438 :  3.7509682e-01  1.2414033e-01  4.2959445e-01
   439 :  1.2871211e-01 -5.9592295e-02  2.3761668e-02
   440 : -1.7199458e-05 -1.3914120e-05  6.9568353e-06
   441 :  4.4989184e-10  2.3878584e-10 -1.3691572e-10
   442 :  1.4473841e-02  8.1710849e-02  3.9504404e-01
   443 :  7.2347205e-08 -2.6713454e-08  9.5291756e-10
   444 :  5.6645683e-07 -2.6843208e-06 -2.5842950e-06
   445 : -3.3994930e-12  6.4794852e-12  6.3329862e-12
   446 : -1.0407978e-01  4.2997631e-02  2.6727823e-01
   447 :  1.5461628e-06 -4.7336861e-07  4.3303447e-07
   448 : -1.4796823e-09  2.6985777e-10 -1.8848555e-10
   449 : -7.9297096e-03 -7.7087713e-03 -8.6979033e-04
   450 : -7.6697451e-05 -2.2215912e-04 -1.3677271e-04
   451 : -4.3302054e-02  1.7376111e-01  1.0326729e-01
   452 :  3.9425894e-06  1.3985564e-05 -4.6765096e-06
   453 :  1.4322197e-06  3.8302041e-08 -3.3079032e-06
   454 :  4.1208121e-02 -2.6138378e-02 -2.0898091e-02
   455 : -6.2457457e-03  1.3681264e-02 -3.0993197e-02
   456 :  1.5109571e-06  4.9512194e-06  2.9084321e-07
   457 :  1.7971262e-07 -1.2969709e-06  2.5627548e-07
   458 :  3.1329852e-01  1.7542799e-01  1.0761069e-01
   459 : -2.8164201e-04  1.0352189e-03  1.1246511e-03
   460 : -2.7371251e-13  2.6510455e-13  6.5986718e-13
   461 : -1.0663874e-05 -6.1727503e-06  2.2072363e-06
   462 : -2.5126406e-04 -6.1751497e-07  8.0914682e-04
   463 :  4.6881036e-06 -1.7195873e-05  3.7039160e-06
   464 : -2.2037106e-11  1.2284449e-10 -5.4979156e-11
   465 :  1.6816701e-01  1.0448992e-01  2.6158727e-01
   466 :  8.0418325e-07 -6.2930599e-07  1.1437118e-06
   467 :  1.2125090e-06 -2.3910004e-07 -2.3476245e-07
   468 :  8.2424566e-02  4.5726620e-02 -2.5968160e-02
   469 :  1.4131665e-01 -6.3688449e-03  1.1906690e-01
   470 :  3.9509429e-10 -1.3424337e-10  3.6468070e-10
   471 : -6.4599220e-03 -9.0090607e-03 -2.1193218e-03
   472 : -2.3756225e-02 -6.3947328e-02  1.3329632e-01
   473 :  3.0147234e-11 -5.5979381e-11 -4.8372578e-11
   474 :  1.6147307e-03 -2.0357942e-06 -7.6604116e-04
   475 : -6.9887430e-08 -4.4433444e-07  1.5651453e-06
   476 :  2.0141465e-03  4.1290175e-04 -7.1268955e-04
   477 :  7.0058012e-12 -2.6599720e-11 -8.0949677e-12
   478 :  4.7958149e-03 -3.5911865e-05 -1.6713047e-03
   479 :  5.5103181e-02  1.9911189e-01  2.7610243e-01
   480 :  2.2782773e-01  3.2682499e-02  2.1790814e-01
   481 :  5.3820234e-05 -1.4989566e-04 -1.7946493e-06
   482 :  7.0066548e-07 -1.1359878e-07  7.4865500e-08
   483 : -1.0469578e-04  9.7309738e-05 -4.4825617e-04
   484 :  1.8512600e-02  2.1670591e-02  1.4056370e-01
   485 : -5.2978745e-05  1.1447799e-05  1.4085980e-05
   486 :  3.8402575e-03 -2.1450376e-03 -8.0139273e-03
   487 : -2.9845320e-05 -2.3742753e-04  6.8870955e-05
   488 : -5.3188632e-10  3.7476017e-11  4.2420390e-10
   489 :  9.7460412e-05 -1.9185779e-04 -1.4363516e-04
   490 : -9.8041458e-14  3.8088465e-14  2.1063071e-14
   491 :  1.8225372e-01  3.0931994e-02  3.0623810e-01
   492 :  1.1926096e-06 -2.3228685e-06  5.0970286e-07
   493 : -9.5686749e-07 -1.1616080e-06  3.5153626e-06
   494 :  9.3311245e-06  1.9186715e-06 -7.9376742e-06
   495 : -1.0131593e-03  2.7438499e-03  3.0573161e-03
   496 :  6.3947954e-08 -1.7808227e-08 -1.0608544e-08
   497 :  5.1546473e-05 -1.3216527e-05  1.7368392e-05
   498 : -5.9110600e-03 -1.7361307e-02  3.5592253e-04
   499 :  3.0008781e-01  7.9738976e-02  1.3143460e-01
   500 :  2.3413886e-03 -3.8145757e-03  4.8477476e-03
   501 : -4.2582840e-10  1.1324380e-10 -9.5863712e-10
   502 :  1.9080446e-03 -7.0548457e-04  9.2081779e-04
   503 :  5.1731592e-03 -7.6059941e-03 -7.1821470e-03
   504 :  6.0532193e-07 -1.9187204e-06  3.7459875e-07
   505 :  2.4853773e-01  6.3441780e-02  1.1430520e-01
   506 : -2.1431099e-07 -6.5355739e-07  1.3577009e-06
   507 : -2.2469590e-02 -2.3802838e-02  7.3867162e-03
   508 :  1.3581886e-07 -2.1273563e-07 -1.8124494e-07
   509 : -6.5220730e-09  7.1258964e-10  1.3863768e-08
   510 : -7.7411253e-03 -3.3865648e-03 -3.2082502e-03
   511 :  2.8145209e-02  7.9477866e-02 -4.8962106e-04
   512 :  8.7733102e-11 -8.9994980e-12 -5.5772281e-11
   513 : -9.3023562e-07  1.5148249e-07 -3.0517921e-07
   514 :  1.6757358e-06 -3.4426019e-06 -4.6296008e-06
   515 : -3.0678325e-07 -2.3294323e-07 -1.8448513e-07
   516 : -2.6438780e-04  2.2944521e-04 -1.0727739e-04
   517 :  1.2693642e-02  6.1073813e-02  2.6186142e-01
   518 : -6.2149697e-10 -2.2488637e-09  1.3574189e-09
   519 :  2.6478466e-04 -4.8716987e-04  2.4643228e-05
   520 :  6.6236419e-11  2.6241147e-10 -1.6477796e-10
   521 : -5.8836023e-08 -2.4415224e-08  2.3432896e-07
   522 :  4.2167263e-06  1.4753797e-06 -2.1378875e-06
   523 : -1.0094258e-12 -6.9290452e-13  6.3068613e-13
   524 :  2.4340027e-01  1.7524537e-01  6.1051089e-02
   525 :  1.3300988e-06 -3.4516544e-06  3.7239348e-06
   526 :  2.3564150e-05 -1.0272517e-05 -2.8829352e-07
   527 :  3.0438847e-09 -1.6156935e-09  1.6117997e-10
   528 : -3.2988635e-02 -1.5283558e-03 -1.5531417e-02
   529 : -3.2062566e-10 -1.1179358e-10  2.6968048e-10
   530 :  1.1189601e-04  2.9388855e-05 -2.9712664e-06
   531 :  1.8019771e-06  2.7097337e-06 -4.0851952e-06
   532 :  8.5648919e-07 -8.7208403e-06 -1.3348909e-06
   533 : -4.2725747e-11  7.4050200e-11  7.8027493e-12
   534 :  2.7083424e-01  3.0793785e-01  5.2681524e-02
   535 :  4.2075264e-05  5.8999772e-05 -1.6453848e-07
   536 : -6.4873133e-03  5.3702554e-05  3.7713724e-02
   537 :  2.7859355e-03 -6.6432400e-04 -1.4655328e-02
   538 :  3.8813253e-03 -1.1558573e-02 -7.8416088e-03
   539 : -1.3373489e-07  6.6213664e-08 -7.3238514e-09
   540 :  8.7806505e-02  4.1377829e-02 -4.0207699e-03
   541 : -1.4433572e-09  4.4920837e-10 -1.8582754e-09
   542 :  1.3883522e-02 -7.6000450e-03 -1.3914757e-02
   543 :  2.4881577e-08 -1.8887826e-08 -1.3780763e-09
   544 : -1.7715756e-03  3.6180795e-03  2.0505431e-03
   545 :  3.3280599e-01  1.9523098e-01  1.3260325e-01
   546 :  2.1298656e-05 -9.5935121e-06  1.6912724e-06
   547 : -8.4100909e-08  6.1908745e-07 -1.2585492e-06
   548 :  6.9138303e-02  5.5891950e-02  2.2512546e-01
   549 :  5.3918827e-12 -2.6395071e-11 -9.4430233e-12
   550 : -2.6125253e-07 -5.1948068e-07  1.5175865e-07
   551 :  3.1470040e-07 -2.6115602e-07  1.8432419e-07
   552 : -1.0304731e-05 -2.0113164e-05  7.6712468e-06
   553 : -1.2769301e-02  9.4815959e-02 -4.0840856e-02
   554 :  2.5337635e-05 -6.2735385e-06 -3.8598257e-06
   555 : -1.6829293e-06  2.1350518e-06  1.9911784e-06
   556 :  2.3712123e-01  7.9463772e-02  2.1479368e-02
   557 :  1.5806191e-02 -1.0720448e-02 -7.6727479e-03
   558 :  1.9755839e-01  1.0296690e-01  3.3175854e-01
   559 :  1.7318167e-05 -1.3872664e-05  5.4080515e-05
   560 : -1.0822374e-11 -8.9407324e-11  6.1600290e-11
   561 :  4.4051571e-03  3.0257828e-03 -1.3370820e-02
   562 :  2.2337683e-06  9.7928606e-07 -7.6641393e-07
   563 : -1.9611580e-07 -2.1061529e-07  1.8888802e-08
   564 :  4.1764563e-06 -4.9484178e-06  1.9320509e-06
   565 : -6.0556333e-02  6.3785073e-02 -1.4687193e-01
   566 : -2.3773513e-05  3.3326498e-05 -3.3012975e-06
   567 : -7.6676765e-06 -9.4956955e-06 -4.5951809e-06
   568 :  1.0690209e-08 -5.8920167e-10 -4.2446178e-09
   569 :  2.9837894e-05 -3.0997126e-04 -1.4704198e-04
   570 : -3.2256375e-08 -4.5172172e-07  2.6980584e-07
   571 : -5.0027066e-04 -9.7659271e-05  2.7063068e-04
   572 :  6.0593138e-13  3.1800017e-13 -2.8331828e-12
   573 : -9.5864786e-04  1.8174896e-04  1.9215174e-03
   574 :  1.3644084e-01  2.9865103e-02  7.5830063e-02
   575 : -4.9919232e-06  4.4347589e-06  4.5803060e-06
   576 :  8.4159662e-02 -2.8316634e-02  6.8691623e-02
   577 : -3.7935227e-07 -1.6121510e-08  6.1873508e-08
   578 :  1.8285866e-08  8.3092895e-09  8.1042041e-09
   579 :  2.5477556e-01  8.7735830e-02  1.8572179e-01
   580 : -3.5166107e-04  1.6349069e-04 -3.4667060e-05
   581 : -8.6691167e-07 -1.3231770e-06  2.1724057e-06
   582 :  3.7234086e-09 -9.3161139e-09  2.4011512e-09
   583 :  2.5449526e-10 -1.0372497e-10  1.9077469e-10
   584 :  6.7737717e-03 -1.8579310e-02 -1.5709000e-03
   585 :  2.1977658e-01  1.2326020e-01  3.1659588e-03
   586 :  3.8778891e-09  5.3329259e-08 -9.7042621e-08
   587 :  1.9047082e-02  1.3808766e-01 -5.2634620e-02
   588 : -8.9579263e-08  1.1651880e-07  3.4859891e-08
   589 : -1.5493316e-06  4.1044736e-06  3.6882831e-06
   590 :  1.3680795e-01 -4.3872785e-03  2.1342996e-01
   591 :  1.1688989e-07  1.1089853e-07 -8.8843110e-08
   592 :  2.4671754e-01  7.8933631e-02  1.0778824e-02
   593 :  1.2237781e-01  2.2785702e-01  4.3474528e-02
   594 : -2.4479626e-04 -7.1717878e-05  1.1608284e-04
   595 :  3.5533392e-05  2.6449054e-05 -5.9839482e-05
   596 :  1.3543291e-06 -4.1654241e-06  2.3192913e-06
   597 :  3.5751887e-01  1.5673319e-01  4.9268997e-02
   598 : -9.8509962e-07  2.5948835e-06  7.0393602e-07
   599 :  8.4774326e-07  3.3186448e-06 -7.1862835e-07
   600 :  2.0011467e-06  5.2676464e-06 -6.0945394e-06
   601 :  1.6547298e-01  2.3815133e-01  6.1068055e-02
   602 : -8.1078906e-06 -5.2225386e-06  4.6606531e-06
   603 :  4.8823627e-03 -5.5263224e-03  3.9960315e-02
   604 : -8.3940521e-14  5.2318277e-14  1.1952353e-13
   605 :  9.4164628e-13 -2.7937793e-12  7.7759614e-13
   606 :  1.1844517e-10 -2.5839141e-11 -1.1645801e-10
   607 :  2.8328032e-04  2.5249795e-04 -7.2371962e-04
   608 :  5.4613235e-08 -5.9865192e-08 -4.9509624e-08
   609 :  2.3812837e-10 -3.5143588e-10  6.2883138e-10
   610 : -1.4803392e-07  6.1207406e-07 -2.9315538e-07
   611 :  2.9747521e-06  3.5240859e-06 -3.3505267e-06
   612 :  1.6129418e-03 -4.8559706e-03  2.6705199e-03
   613 : -2.2960652e-04 -4.4079281e-03 -3.8472844e-03
   614 : -1.4241161e-11  5.2067145e-12  2.8807880e-11
   615 :  1.4466715e-13 -2.0425105e-10  1.8951361e-10
   616 :  4.4924131e-08  3.4836988e-08 -1.5555992e-07
   617 :  1.2670487e-14 -2.3575386e-15 -4.7866749e-15
   618 :  8.7604902e-02  1.1018289e-02  1.9160727e-01
   619 :  3.5136746e-01  4.2674559e-02  2.6592557e-01
   620 :  2.3032178e-01  4.6751330e-02  1.8745551e-01
   621 :  4.7797795e-05  4.6269041e-05 -2.1834316e-05
   622 :  3.2335696e-08 -2.3417609e-08  2.9833392e-08
   623 : -5.5596363e-09  5.9655292e-09 -4.5506128e-09
   624 : -3.1402168e-09 -5.1165963e-09  1.9755738e-09
   625 :  1.0651500e-03 -7.0345128e-03  2.2144437e-04
   626 : -9.7178525e-07  3.2615900e-07 -1.3310657e-06
   627 :  1.0334236e-02 -1.9938455e-02 -2.1333658e-02
   628 :  9.7692270e-03 -8.9979193e-03 -1.7178175e-02
   629 :  8.3497159e-02 -5.7191520e-03  2.4550182e-02
   630 :  1.1841067e-08 -4.9753387e-08 -7.2823179e-08
   631 :  3.6253549e-07 -3.1927905e-07 -2.7085606e-07
   632 :  1.1728391e-06  1.6228078e-06  3.0893437e-07
   633 : -1.2664168e-05  2.5156638e-05 -2.6143707e-05
   634 : -2.5610705e-05  4.6296132e-05  8.4707424e-05
   635 :  2.3850558e-10 -4.4832737e-11 -9.1021584e-11
   636 :  5.9553036e-07  1.0256932e-06 -1.6269082e-07
   637 : -2.8492324e-04  9.2844746e-05  6.2859523e-05
   638 :  1.3941636e-04  1.1657417e-04 -3.1928244e-04
   639 :  9.2168743e-06  2.2487964e-05 -1.8031751e-05
   640 : -4.3502147e-06  1.9257770e-06 -5.3842197e-08
   641 :  5.6499824e-09 -3.9157579e-09 -1.7348074e-09
   642 : -1.0741873e-08  9.0229239e-09  1.0411602e-08
   643 :  2.2870334e-01  4.2529800e-02  5.8864074e-02
   644 :  4.0267256e-02  1.9238925e-01  1.7147543e-01
   645 :  1.2995842e-04 -8.9147996e-05 -2.0973542e-04
   646 : -2.1846663e-04  4.3137643e-05  7.2619993e-05
   647 : -1.0627314e-05  2.7776274e-05 -2.8217932e-06
   648 : -3.2240708e-06  2.8267886e-06 -7.0054212e-06
   649 : -7.9659199e-12  1.6817689e-11 -1.3803785e-11
   650 :  6.3465124e-05  3.4364060e-05 -5.0792217e-05
   651 : -1.6797684e-04 -3.2431938e-04  8.3657424e-05
   652 :  4.8186313e-13 -1.8978130e-13 -1.4794018e-12
   653 : -8.5273490e-13  5.9661972e-13  1.1732200e-13
   654 :  2.5134275e-06 -9.2260342e-07 -7.6214512e-07
   655 : -9.5055180e-07 -5.6855739e-07  2.5102596e-06
   656 :  1.7237718e-11 -2.1847857e-11  8.5932662e-11
   657 : -4.8857678e-11 -1.5239563e-10  1.1923493e-10
